TRADEDATE,Value,tau,beta0,beta1,beta2
2014-01-09,16.0,24.291652709385875,0.16680854794202898,-0.11989812750874944,0.13586519472009095
2014-01-10,16.0,26.28005186434691,0.1417971901787189,0.08844284687316464,-0.021001801649922186
2014-01-13,16.0,14.416627613513167,0.11000955733733755,0.04772602104524115,0.15650595139346235
2014-01-14,16.0,24.603203661771545,0.07637024510008944,-0.005201628664735836,-0.12514779458547903
2014-01-15,16.0,29.768925452560822,0.032616516142585525,-0.05895341300079489,0.13761990085116232
2014-01-16,16.0,14.66452065699644,0.08356697681701533,-0.09005473983729229,0.11389657942369708
2014-01-17,16.0,21.172623085352114,0.06698130333060776,0.04136132768045245,0.0178660098095966
2014-01-20,16.0,6.105600472124987,0.14183020924033365,-0.05891107070880626,-0.13821575151042698
2014-01-21,16.0,22.039105667534702,0.03594432434153397,0.07282086966647322,-0.12227526998129518
2014-01-22,16.0,18.254144190378913,0.07295494579246334,0.09640263848019517,-0.131452494294769
2014-01-23,16.0,14.500577781415574,0.011760830033623569,0.05898505721294228,0.182121015085618
2014-01-24,16.0,5.937310613985648,0.12295437676757523,0.09664637796347403,0.2032732258566573
2014-01-27,16.0,25.201646117912823,0.16881996612504296,0.1140654794387993,-0.07649712327845809
2014-01-28,16.0,16.07315864382791,0.08832929710514578,-0.08723529114795073,0.0364053349449352
2014-01-29,16.0,6.590060798009121,0.1132563160426508,-0.09317056369370794,0.05839662304459661
2014-01-30,16.0,25.494254921840838,0.12006020312165908,-0.004228343962646625,-0.171602033533079
2014-01-31,16.0,9.385408120484236,0.08189138793649106,0.12289938597267916,0.023041019752014502
2014-02-03,16.0,11.177635427528916,0.16712347931389399,-0.02865038242749375,-0.03550788354271156
2014-02-04,16.0,24.89283923215745,0.022699246079235486,0.07735930223884935,0.007575746341113299
2014-02-05,16.0,25.751565882780426,0.06689439762249458,-0.12166506091356821,0.1573475034538923
2014-02-06,16.0,24.139727130982937,0.08176788154644996,-0.10993826701732794,-0.02186304497934244
2014-02-07,16.0,18.74007913253094,0.03436293879009124,-0.033206224711930174,0.1489129695114529
2014-02-10,16.0,21.090843501023453,0.03606359919433736,0.03230641679674548,0.03561056372347268
2014-02-11,16.0,3.7526846892169363,0.08397204211184728,-0.04170725970554018,-0.08567612877193706
2014-02-12,16.0,11.980344415600179,0.14051361373405374,-0.08844656878951437,-0.14480539596641556
2014-02-13,16.0,3.049672103330048,0.11806096156103094,-0.09549170901440149,0.10628521539536068
2014-02-14,16.0,9.542815743772266,0.07022941385101941,-0.12267051893696909,-0.08056471859237163
2014-02-17,16.0,4.749509878798306,0.15152430436054293,-0.061508509759190505,0.2008757705947123
2014-02-18,16.0,2.1727519036325837,0.1081431033575112,0.07755378463731799,-0.028994624951582587
2014-02-19,16.0,29.17327685583294,0.10999345388891488,-0.09967680521940607,0.07863500893682351
2014-02-20,16.0,12.423266254233491,0.07242753944793251,-0.09319143233168023,0.1718251162181028
2014-02-21,16.0,8.718826788156868,0.14064376705783416,-0.053506087192985816,0.1467823948487167
2014-02-24,16.0,0.7390974526397864,0.02548362678178196,-0.10735026356711119,0.06857992234478044
2014-02-25,16.0,20.56984932230985,0.014118801348617102,0.009701643786926228,0.22118076631936112
2014-02-26,16.0,15.58052770760545,0.028131179023001864,0.0011939163167257183,-0.1527151711856421
2014-02-27,16.0,6.200964950292853,0.059552485592891405,-0.08168971063376892,0.16558996395303627
2014-02-28,16.0,8.897346132876534,0.08890069590533184,0.04461038077932175,0.047136180739778766
2014-03-03,16.0,2.0160798099184953,0.02480586681828019,0.007280552837322429,0.10695554115316486
2014-03-04,16.0,28.92693087371647,0.12518688515050513,-0.06680236519582035,0.03794658450449323
2014-03-05,16.0,3.2518522460589496,0.15551228199301306,-0.07578774572236413,-0.11001938238042196
2014-03-06,16.0,2.592277841092514,0.04671131729044837,0.05059035596912423,0.027914035957667255
2014-03-07,16.0,13.86158995030988,0.12502915473066795,-0.02996354603677212,-0.14739634006481214
2014-03-11,16.0,19.284058438524895,0.12493247277773142,0.008930916485023394,0.17811143140777574
2014-03-12,16.0,1.6480998182705708,0.101265509930905,0.03084335546640185,0.06260489741817538
2014-03-13,16.0,28.623973926599657,0.09273627709635568,0.10268463073813469,-0.1669860737828418
2014-03-14,16.0,2.418421496683,0.08810783578181242,-0.009665188689658183,-0.10218493330046997
2014-03-17,16.0,2.473415132850306,0.08193623985659163,-0.0666123703296771,0.21880949631621432
2014-03-18,16.0,22.829597523000107,0.13578103778475292,0.0927880276134837,-0.13538109149890762
2014-03-19,16.0,8.220890193708561,0.12386223045973521,-0.04876529973469616,0.1773484762406578
2014-03-20,16.0,29.225091365287163,0.05432484908066693,0.12751382880448733,-0.14086436673408353
2014-03-21,16.0,9.818901891901842,0.10784078719545998,-0.016878381577292226,-0.026220712770352705
2014-03-24,16.0,28.333927236974585,0.0461029580524656,0.08375504791729324,0.22466235298432125
2014-03-25,16.0,27.88037639424455,0.12690343300611448,-0.12764163034201825,0.1184102848531518
2014-03-26,16.0,25.092306322005435,0.13850873749660256,-0.1160723049287493,0.024293520046603734
2014-03-27,16.0,15.746481188902502,0.0774850133949298,0.014881323959894721,0.20065225228070405
2014-03-28,16.0,2.4133869034253284,0.06046312074806356,0.007753327078314942,-0.04868667551428965
2014-03-31,16.0,15.338425845826379,0.060113189567417936,0.01165486833562962,-0.15350678057610662
2014-04-01,16.0,3.673307941093177,0.1714837671265049,0.11717337477936965,0.06009073414842406
2014-04-02,16.0,18.09843437882728,0.16152069485963114,-0.10489418806966594,-0.04402692347021442
2014-04-03,16.0,14.25001269630904,0.029178411159152446,0.0386065390765237,-0.06966985795271376
2014-04-04,16.0,24.626250482224258,0.08050461328803968,0.1088959059506028,-0.03255070265626575
2014-04-07,16.0,5.742223695171011,0.07058442817643218,0.09984575744999416,-0.13928214652136744
2014-04-08,16.0,14.35907990154584,0.037330793004624246,-0.08547668745528739,0.062357744700823003
2014-04-09,16.0,20.232709089718856,0.11477863635658317,0.10001110774628316,0.20587785441757966
2014-04-10,16.0,17.56835263380965,0.10114095416069219,0.0644260009992742,0.14676879611974936
2014-04-11,16.0,14.409768158931325,0.12556369822700744,0.0459052128305715,-0.07943683720894612
2014-04-14,16.0,5.298909063472838,0.10199422671115418,-0.09625523876204131,0.04372761211605558
2014-04-15,16.0,13.886481617080623,0.10723035334752529,0.033557899048877515,0.020218267275305957
2014-04-16,16.0,3.5128626886864267,0.1718466852243457,0.10870390538579774,-0.024788818753352843
2014-04-17,16.0,1.1105758341882033,0.032851252487537216,0.10405301292892913,-0.1821391396907344
2014-04-18,16.0,24.784443381287858,0.15424016458394116,0.07862908690000886,-0.03625193188011239
2014-04-21,16.0,2.1046889978333216,0.11433763858057167,0.1027135581647253,0.1687475902245545
2014-04-22,16.0,16.10791029308569,0.05654282127127976,-0.12406177536384047,0.15029663820399664
2014-04-23,16.0,20.84498484117788,0.1308730100735424,0.0760616394579573,0.20351500279567408
2014-04-24,16.0,7.031652729791496,0.02307489026378597,0.04117538755914921,-0.1575807148139693
2014-04-25,16.0,26.292530832791115,0.017720208094348593,0.008577630411467446,0.022205393875841417
2014-04-28,16.0,7.981659983373226,0.1582625252506298,-0.013099093920889648,0.004670888951985586
2014-04-29,16.0,5.69722585543873,0.12048261252883585,0.07590286876953176,0.043962077298235425
2014-04-30,16.0,7.7341670195476535,0.14351469990264673,0.05172619137094539,-0.13641692632677238
2014-05-05,16.0,7.74065750064401,0.13215639293755538,-0.07297481353490476,0.1316543742980753
2014-05-06,16.0,24.684040692878362,0.1250462024883977,0.08956237917539797,0.08501206729877703
2014-05-07,16.0,9.728486359128409,0.08931542499657574,-0.05120813759955621,0.09927441228345679
2014-05-08,16.0,20.288718881637433,0.07843806821069643,-0.05242021723010688,-0.07929260930792453
2014-05-12,16.0,6.736231667503718,0.15011417591662976,-0.06926463059867072,0.19251169236059895
2014-05-13,16.0,10.482576814166945,0.09006857835650137,-0.0961940651704932,-0.15951285968158818
2014-05-14,16.0,7.290680821152931,0.061094834518587986,0.03957864010996032,0.006741228517809478
2014-05-15,16.0,2.1271359055274672,0.05348343642941834,-0.036367790329069435,-0.0902247015923353
2014-05-16,16.0,3.624772527695085,0.04083012788443099,-0.07532862004057966,0.18894360390996717
2014-05-19,16.0,6.608356441958221,0.056626389307109004,-0.08246977996821059,0.16728577218266705
2014-05-20,16.0,28.769317861984494,0.12093345316035228,-0.09964319075501929,-0.1831139056058506
2014-05-21,16.0,3.568663434708117,0.03559164157757702,-0.0571989056360873,0.21992081861724094
2014-05-22,16.0,28.506756505022356,0.15416537051849752,-0.11103572226493598,-0.1635313531462926
2014-05-23,16.0,23.265886880921133,0.07861986042881575,0.04399989635422166,0.18151670966256067
2014-05-26,16.0,4.38153880401387,0.05737396767901034,-0.013491136601362003,-0.10786434249337724
2014-05-27,16.0,28.56108687168719,0.011552204860601406,-0.07421296308751611,-0.17583392888118954
2014-05-28,16.0,17.924300158097978,0.14658862232004768,-0.017030080843045622,-0.012084152806376147
2014-05-29,16.0,25.232701049374935,0.04053328754199987,0.10883984581566086,0.05076845151483281
2014-05-30,16.0,14.419456616129164,0.020129260052400635,0.1133450428549797,0.19608185374425258
2014-06-02,16.0,25.74452844142523,0.12298487201804531,0.00653352267749685,-0.11666257201825651
2014-06-03,16.0,6.6860830299722505,0.029977048712802212,-0.11172112058152595,-0.1798538726281583
2014-06-04,16.0,25.308419489026488,0.1657300087284975,-0.004469828134523096,0.06793040656204724
2014-06-05,16.0,26.485875980718376,0.08309271106713059,-0.005192349606453761,-0.15195375922613186
2014-06-06,16.0,2.2658085877740475,0.11170350245361887,0.09728862989834469,-0.00043985393826348473
2014-06-09,16.0,28.879863944876803,0.07314024198409663,-0.12381837132675143,-0.16967454520072922
2014-06-10,16.0,24.660982671983728,0.11905144437729415,0.12519923119429552,-0.12070246141987213
2014-06-11,16.0,14.640101141972684,0.029584732707373496,-0.1008472835657431,-0.07873223835038452
2014-06-16,16.0,22.512433129897605,0.16205712026805827,0.09407167369564304,0.2010108537278708
2014-06-17,16.0,9.588500356588751,0.15913922315718376,0.11067676336318608,-0.014284279786927478
2014-06-18,16.0,8.918883513195388,0.05259445740685121,-0.05596310173776964,0.008019590229015688
2014-06-19,16.0,19.179232306287226,0.052992573521928585,-0.0210299548310125,-0.02688290059896775
2014-06-20,16.0,4.39693024107785,0.12090215398264315,0.07810859838411019,0.1428967328316909
2014-06-23,16.0,10.481424103843665,0.15356823084601795,-0.10362942263979782,0.1884113070955456
2014-06-24,16.0,19.906655723925628,0.08404228830345192,-0.031281351947252095,-0.07499532099344679
2014-06-25,16.0,12.483580976489282,0.12939280536903272,-0.09800497302226469,-0.1844466283615182
2014-06-26,16.0,26.98902259710337,0.07669144009720613,0.10853728334568674,-0.16027453695380736
2014-06-27,16.0,28.59085694432658,0.08180895971277502,0.006211911337033055,0.013413760980652362
2014-06-30,16.0,7.166964491288722,0.16029207301641796,0.08755690465197691,0.16581148103147852
2014-07-01,16.0,17.133377371475675,0.1228984893032607,0.12742496409389673,0.144596790438351
2014-07-02,16.0,21.416330116265264,0.024915210424665504,0.08573301314251466,0.08792162083851579
2014-07-03,16.0,26.429172333731426,0.08174430427272888,-0.021304521931916093,-0.015352458862565033
2014-07-04,16.0,18.76897097013196,0.09130662426031469,-0.10594866510453152,-0.17673250079471775
2014-07-07,16.0,5.0884266976766845,0.08596347673154406,0.017847479749524803,0.07595375771302831
2014-07-08,16.0,23.110421006537077,0.017815456820517512,-0.04538427445358699,0.19159275046305563
2014-07-09,16.0,28.6109113881538,0.09280984729111116,0.05991310121361107,-0.1351365373567028
2014-07-10,16.0,18.344583361499854,0.020561823080791023,-0.07867479662304624,0.12048103468297344
2014-07-11,16.0,14.783066638622381,0.11061703283934915,-0.004836296662781486,0.14355396552044347
2014-07-14,16.0,29.91974857497614,0.12773413913108952,-0.057190652361197886,0.10579866645517666
2014-07-15,16.0,9.697510132962003,0.06002840493276457,-0.07923897284479467,-0.10063703199659475
2014-07-16,16.0,21.910390355311524,0.11855593135358775,0.08803312995300511,0.08101478837433379
2014-07-17,16.0,15.36304755458116,0.15236664600515282,0.11657206211504365,-0.016516022037199124
2014-07-18,16.0,18.198620052787682,0.062150417987664304,0.08078440998860933,-0.10953511671055498
2014-07-21,16.0,25.911156868367865,0.11092950164431561,0.11751984553176884,-0.06094365020233164
2014-07-22,16.0,10.983569007567047,0.035828740821010965,-0.01865598955327466,0.0920303792563758
2014-07-23,16.0,17.88570616269171,0.02436831429269066,-0.03496444493105756,-0.07071926983676836
2014-07-24,16.0,13.876454134533562,0.14626934064954672,0.034575282084987946,0.1716717996376078
2014-07-25,16.0,1.187184394088564,0.14131477666675155,-0.11286530299475704,0.2306803402597722
2014-07-28,16.0,0.31761787536284225,0.16079389608646888,0.1195337977250128,-0.10334875808043839
2014-07-29,16.0,19.68200550965908,0.17479498311556313,-0.05743887610551354,-0.022258375110700168
2014-07-30,16.0,17.922550984639653,0.10728461752298285,0.07980913819061819,-0.18171154402170836
2014-07-31,16.0,2.3328669652750667,0.09673315016964942,0.007608449767612907,0.017713879730570453
2014-08-01,16.0,19.35643391407778,0.03529679755966316,0.05136552568769734,0.145963320064803
2014-08-04,16.0,23.391584318530892,0.013397205410399435,0.009622145602906057,-0.15919731250437902
2014-08-05,16.0,28.57236752354904,0.13836246366574145,0.0345071081063221,-0.0722141820102437
2014-08-06,16.0,27.76289496939893,0.01334274176361684,0.03827169131417446,0.12243476139334769
2014-08-07,16.0,9.212731064967254,0.02243315979745933,0.001850209270631814,0.21088785324862475
2014-08-08,16.0,5.689343021032348,0.051222224973248145,-0.1025389066646731,0.010404013507257504
2014-08-11,16.0,6.372236517873247,0.027761777855470866,0.09797963644985039,-0.06030772937627635
2014-08-12,16.0,13.76441196391124,0.1555452295849379,0.050769281011869505,0.09533063181032142
2014-08-13,16.0,19.636054154795787,0.08552690580029362,-0.12931773964909768,-0.08516792186799187
2014-08-14,16.0,0.3103330748809485,0.11348852661969336,-0.013593779979254608,0.0669549026360699
2014-08-15,16.0,16.46488303471049,0.15788057949810586,-0.053572842183398514,-0.1516246468694783
2014-08-18,16.0,26.6482937685053,0.10404569251466936,0.053649549153555603,-0.17311615901026373
2014-08-19,16.0,17.506262811124127,0.021490464109177425,-0.10413540214119732,-0.09259603413466562
2014-08-20,16.0,19.270606769034984,0.08563693278956536,0.05615274024794556,-0.08814105138263931
2014-08-21,16.0,28.57614025201918,0.028963679408247116,-0.023772284272543784,-0.1559112200559345
2014-08-22,16.0,4.950247323279964,0.02718758323949833,-0.04079459976076981,0.02759270351436069
2014-08-25,16.0,25.629548386790397,0.010752778764295033,-0.10690289702548336,0.21848639905110362
2014-08-26,16.0,27.482276041877675,0.15168011932116438,-0.07846699003975106,-0.006885261797618808
2014-08-27,16.0,12.60915263242814,0.09134828455547225,-0.05188141180586145,-0.021995716929407633
2014-08-28,16.0,22.66945439391561,0.16253164939087952,-0.06015900080400699,0.16624823558186247
2014-08-29,16.0,29.652031391851743,0.01905445571495972,0.05892250048880518,0.03308465933443128
2014-09-01,16.0,2.1793948137461827,0.10330759512352403,-0.02739612636386453,0.07788027210196469
2014-09-02,16.0,16.2722655788943,0.16097389059948783,0.05451202816686182,0.2309700744585398
2014-09-03,16.0,24.825451358318396,0.07737957112414867,0.012466567007906437,0.1695378329830457
2014-09-04,16.0,6.278564831421969,0.029078791757867258,0.033419883576110115,0.1897200604310486
2014-09-05,16.0,20.762232748878297,0.12027028561726741,0.07509700032171865,0.07860978196378604
2014-09-08,16.0,25.34690383637563,0.11834296999331151,-0.0913292886853262,0.07186559361713774
2014-09-09,16.0,29.209415175392152,0.02803968467360669,-0.12402048655557239,0.07680611887788069
2014-09-10,16.0,0.49964807919254617,0.042409186757235234,-0.10020390695944587,-0.06887397776218387
2014-09-11,16.0,15.87574427804899,0.1382790725964477,0.0650562131661444,0.09174412584232144
2014-09-12,16.0,22.12884004533428,0.03848761973350916,0.03979668738228123,0.2034278742819282
2014-09-15,16.0,10.767882485551757,0.14169813789314656,-0.12802658203545073,-0.13141506966208313
2014-09-16,16.0,28.919506995967875,0.11006047456109255,-0.005067522630193555,0.11690568051034778
2014-09-17,16.0,24.473110886751652,0.04636924136920402,0.015589803686037212,0.043684107221074464
2014-09-18,16.0,19.733407099029158,0.029342709038775876,-0.010292561041752135,0.10455561662278451
2014-09-19,16.0,3.7636523564972837,0.1394566530974226,0.07965883753516503,-0.09002771762964323
2014-09-22,16.0,16.818258173623473,0.08510774218656184,-0.007719120099068638,0.07511671516640656
2014-09-23,16.0,9.330305471231904,0.06093485979376425,0.051774305101737694,-0.1565816453553539
2014-09-24,16.0,22.957029511492184,0.022794263034528,0.036307124695867304,-0.10352361474555485
2014-09-25,16.0,1.2632358132781019,0.15786796007172652,0.1278956337400575,-0.06135586278258273
2014-09-26,16.0,18.511911689814873,0.13155021239798256,-0.11448831793697015,0.16027675946817654
2014-09-29,16.0,13.296012885211836,0.11776463092527029,0.12704954799362575,0.1872206747110497
2014-09-30,16.0,2.1091584075145597,0.13334848690777548,0.003198933869876297,0.1894495935720698
2014-10-01,16.0,16.211159915943067,0.055128970225052774,0.012594716808442319,-0.13005795585035762
2014-10-02,16.0,3.159939944867375,0.03612927440793735,-0.0407527589365346,-0.040778036823837904
2014-10-03,16.0,26.29312521272311,0.12749213045496638,0.0976736719510613,0.20763950672068043
2014-10-06,16.0,4.765371392399239,0.07681842334238359,0.09903540921213916,-0.11441007918490217
2014-10-07,16.0,18.643998099853995,0.12883862140353808,-0.11328837889665971,-0.1725271651621409
2014-10-08,16.0,11.123198562971236,0.08338185680508886,0.08382649276166126,-0.06630553757295242
2014-10-09,16.0,26.61151204263887,0.05881345739530027,0.11170120488202881,0.08444301458164771
2014-10-10,16.0,3.8890428315037617,0.07150074585773525,-0.13300259469916434,0.13703421627567725
2014-10-13,16.0,29.874707742408386,0.11940384333113088,0.06204149169392825,-0.0550611323845403
2014-10-14,16.0,3.46456216490751,0.1606006023742591,0.12039723432070007,0.12166810064037481
2014-10-15,16.0,10.778369403934416,0.08576199676737542,0.028411705027657608,0.15825385122695612
2014-10-16,16.0,6.70864684690489,0.09241642384111559,0.04350584623027462,-0.15737667130819044
2014-10-17,16.0,7.998863100181327,0.013370402614156547,-0.0656369896229306,0.20907938735187237
2014-10-20,16.0,29.89977795616989,0.011271103837055685,-0.03890838233273823,0.1830814958423398
2014-10-21,16.0,11.163190702260799,0.09939936310767161,0.12452571675472698,0.20931838549013898
2014-10-22,16.0,21.62379162163221,0.01954230371565931,0.0684774816198177,0.04745825021359798
2014-10-23,16.0,1.1756713197449609,0.09210424829817568,0.007873197755394051,-0.11887748459907158
2014-10-24,16.0,1.5868886022136097,0.12564874704862883,-0.10705339732719846,-0.12844493455202288
2014-10-27,16.0,8.095559196827754,0.024862676946753988,-0.08715938370805987,0.18994260090430637
2014-10-28,16.0,24.18731913347721,0.13453572854638104,-0.02092748261841426,-0.0632834076717399
2014-10-29,16.0,20.599504407489842,0.03970871456225132,-0.09980067962444358,0.22985023488314676
2014-10-30,16.0,23.827329244014734,0.03845898003742073,-0.05125525472736321,0.008644330196305533
2014-10-31,16.0,19.369326158078678,0.08203861975626453,0.014960129433695346,-0.1072163830451425
2014-11-03,16.0,25.5739319652399,0.16356033136883813,-0.03444684697502755,0.1252276047907524
2014-11-05,16.0,12.421458094336082,0.08543645444911005,0.08101838987923843,-0.09829719523904372
2014-11-06,16.0,11.578646415369706,0.03794506431365808,0.06995478010662595,-0.12884299558026333
2014-11-07,16.0,19.700981698022396,0.0776309970306791,0.07012054990834596,0.10170041972748817
2014-11-10,16.0,19.574649364231092,0.08954784251043418,0.004607993103593971,-0.043983856089839485
2014-11-11,16.0,2.9521955621326157,0.027703313006453643,-0.09158705208484115,0.04969373781843581
2014-11-12,16.0,6.9851294600450275,0.02607958043041926,0.01929143271910022,-0.12365819436068794
2014-11-13,16.0,22.344412978115066,0.02402277682247269,-0.04603972562687958,-0.03812917863000251
2014-11-14,16.0,11.468385850588813,0.07351410784871013,-0.0196381567602327,0.0319283775245848
2014-11-17,16.0,2.1731575760908592,0.08231770543499004,0.07501420359508207,0.06351582412268836
2014-11-18,16.0,23.638832750776558,0.16884851580191437,-0.06417404493069855,0.005938230570567332
2014-11-19,16.0,8.301000797795492,0.17442869059101726,-0.08238824590905336,-0.12201346018016382
2014-11-20,16.0,4.863752631058313,0.14582250522808918,0.10711890842948762,0.049402293085284904
2014-11-21,16.0,4.03655207453454,0.15028539460998655,0.016099919084031217,-0.14815739768205935
2014-11-24,16.0,20.47011437803639,0.09244950275741481,0.045671963417176,0.14382016815291854
2014-11-25,16.0,29.705068690024415,0.12526030732411259,0.004116385213966511,0.21025088612241183
2014-11-26,16.0,10.152199349247496,0.07953525796917105,-0.0019084369590350037,-0.07058892791439256
2014-11-27,16.0,21.65556590854408,0.13698604138198706,-0.1280318520775528,0.1557205337196479
2014-11-28,16.0,7.660835653571873,0.11135792250689452,-0.08274508408694581,0.08646007700013714
2014-12-01,16.0,17.48935987890453,0.12035222661623854,-0.010208889560208712,0.032746821907553486
2014-12-02,16.0,18.760977559891103,0.05739830131136488,-0.03393125790722604,0.2208962359540284
2014-12-03,16.0,15.15444959328263,0.1655983536609159,0.1040570392651673,0.16724893359494092
2014-12-04,16.0,22.81802266110948,0.0667674373083553,-0.036515750485250215,0.20081942668950226
2014-12-05,16.0,3.9266801654470385,0.08591871913186042,0.047952113357390996,0.20049896522701416
2014-12-08,16.0,8.080277995125979,0.05498924975283197,-0.024980668365589043,-0.09395004122607895
2014-12-09,16.0,23.73855768758676,0.1481126602542431,-0.02184690002600366,0.0761639043283836
2014-12-10,16.0,4.766887954851948,0.026321136216943233,0.042780291215190336,0.1752484759361081
2014-12-11,16.0,3.374393197738134,0.07434243102823024,0.09067621368679832,0.09199488001191114
2014-12-12,16.0,2.956228280968183,0.07058646605532963,-0.03954429300960931,0.12605488743786325
2014-12-15,16.0,3.1493196635516485,0.1676175641948194,-0.0794533798501525,-0.0864375061145925
2014-12-16,16.0,23.079953685595807,0.015746514449642403,-0.13022532186484523,0.1747986779926517
2014-12-17,16.0,22.21465049196171,0.1361137137019313,0.018884682884908827,0.0017831966247796593
2014-12-18,16.0,9.179073148191549,0.1583308678214298,0.08966793977433749,0.17745684975198972
2014-12-19,16.0,14.541180257160821,0.09080896001994393,0.03363046108277942,0.22623227944270802
2014-12-22,16.0,11.268484236229263,0.024560900186043726,0.11021217310089834,-0.12643660437579485
2014-12-23,16.0,1.9481432224209716,0.06313084652824041,0.06086438832822774,0.15472872138154015
2014-12-24,16.0,24.10736089136695,0.05911701480250249,0.04783054397616307,-0.0451666759263159
2014-12-25,16.0,21.76641107140313,0.11855328449991878,-0.024405547937352348,-0.15441943041114906
2014-12-26,16.0,3.2385583295977316,0.07832712499487418,-0.06699491525956495,-0.037433682119872136
2014-12-29,16.0,0.8675101644269978,0.06924813918727704,-0.07470501143633575,-0.1554521492064026
2014-12-30,16.0,17.179752311088297,0.08349532912459423,0.009330578852032367,0.15753795095571038
2015-01-05,16.0,28.74463688188346,0.04293115889300754,0.1040746815888293,-0.0018410291462286343
2015-01-06,16.0,21.304954167785287,0.14263324680746284,0.07446207627189033,0.08618323210375511
2015-01-08,16.0,16.730302740930732,0.07672400069885549,-0.08394613793801647,0.017977686865368464
2015-01-09,16.0,5.239736179358246,0.058027271735860815,0.11030790088804174,0.14579020538241527
2015-01-12,16.0,7.039799935968702,0.04268845776317304,0.08037762430071263,0.11646020201623603
2015-01-13,16.0,8.87605932026681,0.1705240465328919,0.06683766163681742,-0.11653667864965885
2015-01-14,16.0,15.552445249956296,0.14058967088773078,-0.06289129913970902,0.2209680897608176
2015-01-15,16.0,7.898304719868871,0.15009816601912657,0.03451227609973603,-0.013161336542416552
2015-01-16,16.0,4.643284579631848,0.04767346110277701,0.038907986081909735,0.170386743054188
2015-01-19,16.0,15.875555055627174,0.15170237977975087,-0.1263218862087399,0.038915455892032824
2015-01-20,16.0,17.31212434056806,0.07714370101541423,0.008783814042432142,-0.11273708690688762
2015-01-21,16.0,27.842719919141867,0.16011527233025827,0.1002769991171722,0.14251975737414446
2015-01-22,16.0,25.842891359484025,0.05303603218142008,0.015560775369785562,-0.12869115353249325
2015-01-23,16.0,12.31480708310947,0.0734805899121849,0.0574911395107538,0.1516499231517905
2015-01-26,16.0,10.58578454318917,0.07127130396833986,-0.00022099213117590666,0.017487949458837415
2015-01-27,16.0,8.535607369608497,0.12409336939701163,-0.08001194814162174,0.21541075197014414
2015-01-28,16.0,29.932566230629988,0.14530058275181906,0.09964990664202414,0.15907966969043702
2015-01-29,16.0,16.68310376896048,0.026714667113504894,0.019794772760815593,-0.08894513830533
2015-01-30,16.0,20.543224195027346,0.0489792182588806,-0.08566861907447043,-0.08766126247679937
2015-02-02,16.0,17.682349354297653,0.14723624813242495,-0.059812955379842506,-0.06315152709535664
2015-02-03,16.0,5.739245842359564,0.030823626923292182,-0.027050169574921193,-0.06303620535426994
2015-02-04,16.0,18.705324002549872,0.02028173657005656,0.008386149392834052,-0.11299690766187485
2015-02-05,16.0,28.68388157981198,0.03071774032884887,-0.10355340133015017,0.08174167832294643
2015-02-06,16.0,20.478189809862418,0.025057724634825203,0.06394456615658034,-0.1797991916332348
2015-02-09,16.0,13.804901920582633,0.017367158483384857,0.11821406723755898,0.009981467115971532
2015-02-10,16.0,14.521104675390681,0.14356412960871034,-0.07389594965987326,-0.06676932569756816
2015-02-11,16.0,24.607891570142804,0.037466637177788836,0.026507481415249085,0.011161799663511718
2015-02-12,16.0,25.94325148566903,0.1017109881195224,-0.026993096872228367,0.06647910175562649
2015-02-13,16.0,15.626027698418053,0.0724469864384934,0.00688013208064675,-0.12672370570307756
2015-02-16,16.0,21.536763908618997,0.17344472763329585,-0.11088815651802697,0.11155627419974135
2015-02-17,16.0,25.795833622273303,0.1475861584417652,-0.03886099051570577,-0.029304387845635466
2015-02-18,16.0,17.692437451954,0.06467941971004051,-0.09721312063842358,0.20594832446614658
2015-02-19,16.0,1.079675267398369,0.05427861428056935,0.09320368349776195,-0.15745375634657838
2015-02-20,16.0,0.4668726573014792,0.011179190039983668,0.12674636070975823,0.14034388497090983
2015-02-24,16.0,17.044877161622356,0.1063352866854051,-0.03406741403630632,0.1495211399222861
2015-02-25,16.0,29.98821091709993,0.07395328509488158,0.005170966816983313,0.16795616851250217
2015-02-26,16.0,12.746827217576737,0.04091975417239074,-0.02366553586161095,0.0022010939808139174
2015-02-27,16.0,22.375023994129183,0.09846582048320707,-0.06088477458568595,0.0830966904500593
2015-03-02,16.0,10.486529972756465,0.1569876074290639,0.04881144944024593,-0.13529174301306632
2015-03-03,16.0,7.779908074165338,0.08479217056362529,0.12399309668859146,0.2242790702693
2015-03-04,16.0,16.684500947156025,0.0941513345247065,-0.11721746005795566,0.01650719863558084
2015-03-05,16.0,29.365917085950766,0.012266384739419788,-0.01700003344827393,0.05223771744214606
2015-03-06,16.0,17.04413601961114,0.045048815225623116,0.055961809297224885,0.0291547802129285
2015-03-10,16.0,10.378217484812563,0.04996456797591052,-0.047191596560241036,0.15339682059505666
2015-03-11,16.0,11.139650117812936,0.043050541130156106,-0.0729126002797823,-0.025569543005578732
2015-03-12,16.0,5.421126944227682,0.13233047867447095,0.02068717757744601,-0.06539276559261088
2015-03-13,16.0,8.12040931932767,0.06402145963135206,0.047578594095092935,-0.009876403763513592
2015-03-16,16.0,6.774632267510837,0.018713150490417232,-0.0062341938578265865,-0.03617076102474956
2015-03-17,16.0,19.30900110439805,0.14122892933643905,0.11712563203126511,-0.15954845969662187
2015-03-18,16.0,17.989504995212922,0.09783107072067024,0.08455177483196136,0.20864260104263443
2015-03-19,16.0,14.192828287201806,0.02893572646881938,-0.008226749144166823,-0.1379933285484891
2015-03-20,16.0,9.206996646366715,0.05749112861311473,0.024883588823140762,0.04039665110873891
2015-03-23,16.0,2.1648389091355833,0.1197115976083449,0.12293631705845223,-0.1292637467023949
2015-03-24,16.0,19.677631775983958,0.03341720133637705,-0.022089661997134927,0.0285139561419005
2015-03-25,16.0,7.405259047094073,0.09397806396140818,-0.02110451215854084,0.04353294081674469
2015-03-26,16.0,20.035762519944615,0.14431908939435528,-0.08043431479042476,-0.0010697732901243373
2015-03-27,16.0,20.987508701149746,0.11936763883986343,0.0908161372507951,-0.003250704066642768
2015-03-30,16.0,20.96710033689209,0.0743106940472798,-0.1312381121883045,-0.01063558422734076
2015-03-31,16.0,6.243023901479741,0.1377851968045824,0.10655229993940898,0.057017395741096266
2015-04-01,16.0,20.97396532454444,0.05379234352257432,0.05987685234176365,-0.06489612538614764
2015-04-02,16.0,29.452832097678126,0.06599187791816982,-0.05302097482753945,0.026292195297601323
2015-04-03,16.0,4.766647812466225,0.07660413977278915,0.10961575522888309,-0.09280774163045466
2015-04-06,16.0,4.21437207372408,0.024890341998627392,-0.09384522487056911,0.08749582101517389
2015-04-07,16.0,8.999958883004647,0.13039969851863284,0.10602707369366143,-0.0268649444915649
2015-04-08,16.0,16.130878077930685,0.1596830960498413,-0.09093822519418127,-0.12639786791752206
2015-04-09,16.0,27.0002867699282,0.08411463486556717,0.0015349861604189996,0.08690015157220582
2015-04-10,16.0,29.41478999478423,0.08521712822355632,-0.07342384806613222,-0.17779512280219884
2015-04-13,16.0,28.45240320567041,0.02211771590875089,-0.021178742477666268,-0.05631636222666664
2015-04-14,16.0,19.810847025994804,0.16702375651382068,-0.056924929342484984,-0.09147982149644866
2015-04-15,16.0,29.234177202720694,0.061289423006302766,0.013295771933159811,0.1783403370048145
2015-04-16,16.0,4.769547113995969,0.04940521682001465,0.05632550841104619,-0.004336000389374262
2015-04-17,16.0,1.719111078517661,0.11188377005058933,0.0840054541088549,0.016844050073234584
2015-04-20,16.0,19.992047530599972,0.05292738132186982,-0.10806528433677029,0.2227262801823709
2015-04-21,16.0,29.86060396500228,0.08285581120213145,-0.06079463167426041,0.10841805131017407
2015-04-22,16.0,16.300102423093943,0.1662396163452328,0.10940857178999586,-0.1536188389013644
2015-04-23,16.0,3.695142981978133,0.07119740545713454,-0.06554033113412776,-0.08767838353828603
2015-04-24,16.0,24.82818558542897,0.1264964838881622,-0.0850606662650302,-0.12440764060147112
2015-04-27,16.0,28.926515969157023,0.1316138524747796,-0.057869227697257455,0.10036334259656454
2015-04-28,16.0,19.68994866449043,0.13207530651414848,-0.11288585733506379,-0.10154000634751295
2015-04-29,16.0,8.168599291109993,0.054609374250226245,0.0888947654383295,0.06315314827812413
2015-04-30,16.0,3.6217587001722618,0.031095362646582077,-0.0006058421739756903,0.10979689864321768
2015-05-05,16.0,12.438581998830077,0.0455071968534364,0.03809459494799777,0.001252340667226487
2015-05-06,16.0,23.60878236860936,0.02360399820801696,0.06525737708451479,-0.12859315211803568
2015-05-07,16.0,23.022639059016505,0.024739206747810653,0.11635773463138419,-0.005133257934178931
2015-05-08,16.0,8.060732721858336,0.11272139379721421,0.08474483899778412,0.09148880529880882
2015-05-12,16.0,12.229247034693817,0.08774069421507621,-0.03862349812027377,0.020996484477572158
2015-05-13,16.0,26.759674708781837,0.10838077123546147,0.058548554550016035,-0.16616664685470245
2015-05-14,16.0,24.25624521314831,0.07231408922280323,-0.039749253766185086,0.222395293109176
2015-05-15,16.0,4.027651037055059,0.03787270926641788,0.09633810302969253,0.03182556345033469
2015-05-18,16.0,28.734608163383385,0.14760805021435172,-0.014071584967369474,0.14743989879928787
2015-05-19,16.0,10.453852319541783,0.1741713228711667,-0.11018310653478122,0.061953349074121034
2015-05-20,16.0,22.997120905362934,0.08648600314702279,0.02274806857036102,0.2182574659897974
2015-05-21,16.0,18.897645553484534,0.024858390420914648,-0.05143108935927285,-0.08297274696095862
2015-05-22,16.0,8.475428914039977,0.12463471756083727,-0.08346877252002946,0.02895591092273936
2015-05-25,16.0,8.211138906580816,0.11752135022742807,0.08133450388996574,-0.004161219386889042
2015-05-26,16.0,14.826259200174803,0.10967230435482761,-0.052297811705689146,0.04748765533831506
2015-05-27,16.0,1.5585541253141921,0.1389281293062286,-0.08335753224857537,0.1932590970738262
2015-05-28,16.0,12.851464331435292,0.08543582147804091,-0.009607454093482709,0.018885603500669812
2015-05-29,16.0,11.071975861566758,0.15073926299435955,0.004934706374810305,-0.06642523412656792
2015-06-01,16.0,13.233751588841312,0.10218184163219432,0.1179983542998704,0.16734982360464357
2015-06-02,16.0,18.482134423369658,0.12323548721675567,-0.052478981890653795,0.08579985533936757
2015-06-03,16.0,1.6889241067036298,0.132527545628746,0.0481317535399389,0.1563718808550042
2015-06-04,16.0,10.952431559556201,0.0886081399180137,0.1158889988398761,0.13881414674761172
2015-06-05,16.0,6.568915454157656,0.034797598126893974,-0.08687563009799346,-0.13281475750834276
2015-06-08,16.0,20.287732045196705,0.03653632358840869,-0.031091128514893554,0.18185197976903167
2015-06-09,16.0,23.03586061815747,0.10326243521422668,-0.040456970016764,-0.015329698086440302
2015-06-10,16.0,16.6415989697764,0.04829848806404854,0.053116412209067154,-0.13483807392623978
2015-06-11,16.0,7.333467873334324,0.10765779704783024,0.05619586424939263,0.2095188291884681
2015-06-15,16.0,20.87841445785094,0.11078164531197318,-0.12259733694738548,-0.03670946066935385
2015-06-16,16.0,7.154854347945557,0.011854676498539028,0.0695825994958214,0.11176790673004933
2015-06-17,16.0,24.93586293069872,0.16287788977588574,-0.0403609999988839,-0.05235185764126529
2015-06-18,16.0,23.384075667544984,0.058735363564065106,-0.08792106393919909,-0.01914146689070287
2015-06-19,16.0,8.766782072077943,0.12187084002590634,0.06547811517601637,0.160893287012631
2015-06-22,16.0,22.541760411516073,0.14534984376486024,-0.035139010916084706,-0.1734461927425703
2015-06-23,16.0,3.338876613381979,0.14935962773993136,0.056683074845105846,0.016729935534301188
2015-06-24,16.0,17.026380714190925,0.11906666017571871,-0.08443747174261881,0.22599994117273203
2015-06-25,16.0,20.131823638924082,0.15895551813130912,0.10192923821095087,-0.017478453663194754
2015-06-26,16.0,22.07034447368399,0.0410621862321998,0.05484740152332876,0.0286672582715555
2015-06-29,16.0,24.526716479421196,0.023764880002714164,0.062342447918553145,0.19265088681398823
2015-06-30,16.0,23.355509759239144,0.08017539853038683,-0.0555033582226489,0.22184693873110561
2015-07-01,16.0,27.323721489605532,0.06452703198015758,-0.10913604338175364,0.07704113546545427
2015-07-02,16.0,19.703358609046987,0.15601355315245438,-0.037881456301797636,-0.11622855491455913
2015-07-03,16.0,18.878828047449684,0.05049419090757026,0.007398874037386871,0.13996222143819992
2015-07-06,16.0,22.304077022075678,0.1575469554369095,-0.08720156768117215,0.04525056250917581
2015-07-07,16.0,6.544662752227101,0.1418912419660006,0.07061473161369022,-0.11996266279309788
2015-07-08,16.0,21.333886602003165,0.10219645119545023,-0.0923037032813531,0.18156897829748547
2015-07-09,16.0,29.97892559253174,0.06913968515160426,0.07440809177889635,0.20703220476968787
2015-07-10,16.0,10.80011410361456,0.08449987990282101,0.10607378781331678,-0.16468164734753857
2015-07-13,16.0,27.02989879620748,0.10710650975426847,0.10825206602876011,0.021506237301547604
2015-07-14,16.0,13.404945810740672,0.023932386172226643,0.080824650618074,-0.16343694126864647
2015-07-15,16.0,14.065803597554956,0.02109880416634262,0.11044538926171935,-0.1567769103827315
2015-07-16,16.0,6.890474949327658,0.13343085329012397,-0.07251113624283789,0.21155936606636172
2015-07-17,16.0,21.480701624633145,0.15291405908049946,0.11250042076273636,0.20984586772385894
2015-07-20,16.0,11.656546838293266,0.13662912479437594,-0.015549795087622428,0.217175770134581
2015-07-21,16.0,6.971194636411956,0.057608987818128225,0.08146126428818432,-0.08762257573037954
2015-07-22,16.0,0.7382265166792823,0.07096952180411817,-0.003959467893589086,-0.0014500261717964869
2015-07-23,16.0,25.472561795061928,0.023817912623962302,-0.03810044973133908,-0.0990649316998198
2015-07-24,16.0,10.02956356868201,0.17265159279397677,0.0011607199830445947,0.21611694995440484
2015-07-27,16.0,1.0782204945472518,0.0235345063336881,0.044495992070119644,0.004656066217927524
2015-07-28,16.0,20.724865854141484,0.1565081156477294,-0.0003247367349606123,0.17121975822475244
2015-07-29,16.0,23.589533054610047,0.14524309402121235,0.03734122847173904,0.11253791493381726
2015-07-30,16.0,24.19093694498486,0.09161623080671644,0.125429352385069,-0.0514517734105335
2015-07-31,16.0,23.549424546424973,0.02146822939151657,-0.08142332428144056,-0.09384778789351918
2015-08-03,16.0,3.902747473262882,0.10595473244840503,-0.08868796199688542,0.1365231062235842
2015-08-04,16.0,17.29932284950976,0.08944167849818141,0.09818007762201511,-0.15814958211500252
2015-08-05,16.0,15.886408721513822,0.029965405720387375,-0.004555521211473262,-0.021228469132993255
2015-08-06,16.0,19.28210007003288,0.09131756186705117,0.02145092682073671,0.15768179108771807
2015-08-07,16.0,3.8848602538433785,0.15587144944784498,-0.03494724259679159,-0.10532082321921925
2015-08-10,16.0,20.89627971260745,0.07878473006655567,0.005420074194311786,0.04418462681937452
2015-08-11,16.0,27.92885280840651,0.03811764736156582,0.04584298329886333,0.19219644957666254
2015-08-12,16.0,5.365287690594222,0.15747971663777743,0.030981721273436902,0.08597230960751012
2015-08-13,16.0,18.99702536265195,0.16390684436794417,-0.12057970809888524,-0.013552080340802825
2015-08-14,16.0,2.5982398792859387,0.1219680478658163,-0.12401417652718379,-0.09625693674001067
2015-08-17,16.0,17.775701775200364,0.09036954515908016,-0.06990481776636688,0.16351109507462314
2015-08-18,16.0,22.071244992031506,0.17309888116374997,0.10326035009456899,-0.17411979975027683
2015-08-19,16.0,19.485314459162353,0.059050433362188334,-0.019951541589834573,0.08390265339007519
2015-08-20,16.0,7.266355245234529,0.15511011487465237,-0.06054081616197346,0.13724841614659367
2015-08-21,16.0,1.1474154824713312,0.1709852358083467,0.05307857682357228,0.11332673403235899
2015-08-24,16.0,29.972678821529392,0.014870331727251425,0.12757365728848355,-0.06984961299426735
2015-08-25,16.0,6.865717478697647,0.16473918296108117,-0.13260694896128117,-0.03286904340212185
2015-08-26,16.0,0.9869379113434817,0.14494320707261563,0.08574089695413808,0.2322127543869037
2015-08-27,16.0,25.16006058161356,0.12560294750303044,-0.03239444347604267,-0.05891312421105874
2015-08-28,16.0,3.5794934730147734,0.13862838805705985,0.05127760756821628,-0.02119697605323831
2015-08-31,16.0,20.666215572968703,0.16794631204901272,-0.07512476818315064,0.041686010779941246
2015-09-01,16.0,17.143663380791118,0.048781077748123104,0.08645846889705994,0.20281568250885473
2015-09-02,16.0,22.893145953674214,0.043856662236771905,0.030217280935108476,0.20541920175988915
2015-09-03,16.0,4.999638650962487,0.03680632464582378,0.04838454963329741,0.04142609043290338
2015-09-04,16.0,8.75501566739674,0.1613709467469063,-0.0010726884864055708,0.075143884210154
2015-09-07,16.0,29.629187332395645,0.1273900437900057,-0.055227222335917384,0.13932484785882032
2015-09-08,16.0,29.82587397389465,0.11269424771424405,0.03253683954487788,0.028165634179101395
2015-09-09,16.0,11.971998636633204,0.08374931657506823,-0.11082832971850802,0.09694250372247559
2015-09-10,16.0,18.285735935782057,0.15763434279144575,0.06338608061459525,0.055988673688825374
2015-09-11,16.0,28.56452407528583,0.13594839155876345,0.1030762848026266,-0.044171276915685426
2015-09-14,16.0,27.265693461938323,0.03382888121555334,0.014482931920519054,0.07294587361361271
2015-09-15,16.0,11.948617875831852,0.10554165972224458,0.08088957358560972,-0.07455514337845953
2015-09-16,16.0,29.479917905022393,0.04947670701220611,-0.10369307412220127,0.16637387440878987
2015-09-17,16.0,1.9275281922194099,0.04631601339698069,-0.11733479623828225,0.16250017378654563
2015-09-18,16.0,4.386402974596029,0.12070336505709317,-0.06745954132697296,-0.026215582918125063
2015-09-21,16.0,16.78652385853344,0.08070515561173891,0.12100584992590027,-0.07182503602474295
2015-09-22,16.0,0.6360866190959924,0.016428804984558024,-0.04390979561782868,0.08623287811378533
2015-09-23,16.0,28.143086721205826,0.10865230387012759,0.026722923941689902,0.21787736315737422
2015-09-24,16.0,13.230873027963204,0.14853795566372754,0.023885650042738404,0.21337125215804542
2015-09-25,16.0,18.66554321257978,0.019714366573478095,0.08738827856571371,0.0715806445187952
2015-09-28,16.0,17.3358379699952,0.1236434369667059,-0.011457362371565749,0.009257136148272366
2015-09-29,16.0,9.901352902650654,0.05661810144166621,-0.0012543225241556377,-0.013212745263325332
2015-09-30,16.0,13.803805937517788,0.15255680254256843,0.09244674587326529,0.18297852767616402
2015-10-01,16.0,4.372635028493458,0.03703102795627229,0.03959262637593508,0.05879576002991915
2015-10-02,16.0,18.70786544987181,0.15570264370312129,-0.07317254091126021,0.10011571170685046
2015-10-05,16.0,19.97808276498882,0.10727762019445863,-0.061179471074201686,0.1097706115360021
2015-10-06,16.0,14.51838918029453,0.15650239143502895,0.04758996288078307,0.15903069510028867
2015-10-07,16.0,26.029997904506214,0.06529722021434209,0.0917512307875539,-0.06406898097516264
2015-10-08,16.0,9.31995291845608,0.01585460996212194,-0.02530441669318853,-0.17885252386706002
2015-10-09,16.0,27.10499766216885,0.11573295093112818,-0.02617394576555372,-0.023797521907256758
2015-10-12,16.0,25.15539903954754,0.11986256571169804,0.060729193561971734,0.030487532004174284
2015-10-13,16.0,13.185112733972367,0.1018913020157503,0.11847475808028643,0.07509116639249147
2015-10-14,16.0,14.980892042115853,0.08556838461199942,-0.10287008961003011,0.015393726535524566
2015-10-15,16.0,7.555825357289607,0.03795493621175777,0.07114395523978798,-0.09589080308199888
2015-10-16,16.0,11.998865953916422,0.11409256254279682,-0.13018137499780302,0.11731659247338105
2015-10-19,16.0,6.685984860652164,0.09771036840576794,-0.11842050817158492,-0.1831001814092183
2015-10-20,16.0,27.8240053335382,0.06722905698060413,-0.11652697580082573,-0.13065264488705594
2015-10-21,16.0,26.347008067649746,0.15061909363163695,0.11659574503932454,-0.03861861505859032
2015-10-22,16.0,14.402834296485063,0.055065378197132316,0.12387808750428461,-0.1075309364905567
2015-10-23,16.0,29.029741739740494,0.04675206668211052,0.06273900474120445,-0.08332213199736421
2015-10-26,16.0,25.623064407600975,0.1114549142171915,0.0008666547405873637,-0.18488704854792914
2015-10-27,16.0,19.579288575509565,0.03615680904700963,-0.08582650535532585,0.0567827932750965
2015-10-28,16.0,22.450177415798898,0.11506958293021602,0.06989441721661924,-0.1061125495506761
2015-10-29,16.0,17.456719188796484,0.16937817273708805,-0.11361579955965209,-0.04013678684187899
2015-10-30,16.0,5.869220030626286,0.09422984859400724,-0.12799134613487712,0.22803813163970493
2015-11-02,16.0,5.404114112666434,0.026522987495178913,0.087281785603578,-0.1517261459799616
2015-11-03,16.0,29.88325739321879,0.12592387241691697,-0.041691971169903974,0.16061904463584176
2015-11-05,16.0,28.486760301042267,0.17433292897353742,-0.11458291208190255,0.22840322500847549
2015-11-06,16.0,18.16603088455988,0.025284471437368245,0.002232897145473478,-0.15687195915332544
2015-11-09,16.0,3.9234377487320904,0.07749968123551343,-0.042264483584959045,-0.17586863854810467
2015-11-10,16.0,27.913629852231885,0.09813812560437277,-0.12590219751702827,0.08038777866536251
2015-11-11,16.0,12.816793169151197,0.17514996532927574,-0.08056367806427114,-0.07715960999368374
2015-11-12,16.0,3.010977560485548,0.05086665015199111,0.11050033770145154,0.21411481876370675
2015-11-13,16.0,9.335512212164508,0.03227055028090797,-0.12294200283419421,-0.10164545158030573
2015-11-16,16.0,21.30777609956197,0.022881137322268583,0.07581726939391001,-0.1640722155663171
2015-11-17,16.0,8.558008093970614,0.0935354300593271,0.02498288883581637,0.04472890518914302
2015-11-18,16.0,9.99799020777986,0.10127223363363053,-0.03613996807346245,0.21634070383332843
2015-11-19,16.0,2.7367861684799513,0.041707626664261865,0.04739442698428095,0.16027063698769523
2015-11-20,16.0,22.810623141453892,0.12275416364471645,-0.06294331669320957,-0.007615891705394756
2015-11-23,16.0,4.257580245307463,0.0142135779259209,-0.06615712444718468,0.009595174438036952
2015-11-24,16.0,0.2295514966246659,0.029981518485662936,-0.02888564330683145,-0.00907528980982264
2015-11-25,16.0,21.486413979650887,0.01548709390370012,-0.11181039421489186,0.07813224969136412
2015-11-26,16.0,21.69439782708122,0.06694875935085778,0.019283024772820317,0.1340498800634613
2015-11-27,16.0,29.973512040355562,0.029194894160491182,-0.11708601397254627,0.1352496364610336
2015-11-30,16.0,21.79556997744889,0.14575448718203607,0.014337667025358158,0.07052554856910287
2015-12-01,16.0,9.553836616243252,0.10974434554566173,-0.10204921096905793,-0.04294831132829671
2015-12-02,16.0,22.33163837020462,0.13961740408494275,0.08213366531602961,-0.12316978043529037
2015-12-03,16.0,14.88386496246701,0.044548872809473596,0.08356598596295217,-0.0625677916202853
2015-12-04,16.0,9.513045388321396,0.021746072154963113,-0.09114168379025503,-0.15375788909002147
2015-12-07,16.0,15.906327543467139,0.11639900821732932,0.10439325009211622,-0.1436954480145612
2015-12-08,16.0,25.60056500451244,0.1703962828808726,0.10699792712930187,-0.08298396166118707
2015-12-09,16.0,11.413467042488293,0.013833873345999764,-0.06411783455079541,-0.1710994163559813
2015-12-10,16.0,27.44745325679364,0.12764306363018604,0.0568412166386823,0.08929734330263567
2015-12-11,16.0,24.078949350708193,0.16583247276567617,0.013470330020941973,-0.16750198743992115
2015-12-14,16.0,9.830989827876067,0.0712594838613956,-0.006824801214217191,-0.015567436144673902
2015-12-15,16.0,18.47729276934816,0.01671015824315582,-0.04319060612039803,0.03689379102651438
2015-12-16,16.0,21.93359427473879,0.10338213219128259,-0.0972715098149663,0.13746040471835852
2015-12-17,16.0,21.489702366638422,0.14805100305437782,0.10308506126571146,-0.11311288850011404
2015-12-18,16.0,18.228576373122685,0.1333777758530034,0.016445187202978384,0.06717298122018855
2015-12-21,16.0,29.54254150930482,0.0379560765798016,0.07149074092499028,0.13868251713993984
2015-12-22,16.0,25.05299407467812,0.14163701766020956,-0.12386056354095466,0.17750197299166554
2015-12-23,16.0,16.753534684636985,0.17389904063357695,0.055654729440529294,-0.009577608870954962
2015-12-24,16.0,13.781048552387482,0.16166846794556194,-0.10472568831216504,0.11616659357274706
2015-12-25,16.0,15.200702066754378,0.022747841515072906,-0.10530090380719681,0.14805644353086478
2015-12-28,16.0,24.16948762691879,0.12935668425166796,-0.008075241303592773,0.21482033941479867
2015-12-29,16.0,24.12388407001302,0.07910584005638677,0.045007614058950984,-0.13815552290266003
2015-12-30,16.0,25.455894778448734,0.0819734060266408,0.07147391177978418,0.1479186595235324
2016-01-04,16.0,10.52088733405889,0.07199770806666372,0.09502602296631096,0.008067964584057258
2016-01-05,16.0,2.8304418475673554,0.13887759178425918,0.05957766036371301,0.19381445814440662
2016-01-06,16.0,6.2373524562240785,0.12219006247191849,0.08250480531032284,-0.07758361738731928
2016-01-11,16.0,0.015138758297670307,0.11504168132781714,0.09873512842094118,0.12965516579287817
2016-01-12,16.0,8.566263637634089,0.06007035356809861,-0.014457983851993345,0.05918762294625449
2016-01-13,16.0,22.29263038207495,0.08889354252396775,-0.0473462912512279,-0.04934313700820275
2016-01-14,16.0,13.553938549814873,0.07929789180165311,0.05881780888278776,0.1996270101394717
2016-01-15,16.0,11.293521567870501,0.14963421173656546,0.10790368865203517,-0.09154007226612683
2016-01-18,16.0,27.275467036908363,0.06700327694609748,-0.12690955412151733,-0.021050806148685236
2016-01-19,16.0,4.843745155638612,0.15295234269648134,-0.035375841132724156,-0.01794825842318662
2016-01-20,16.0,11.375268487809752,0.0937064610873932,0.021392818981628287,-0.0099283673670367
2016-01-21,16.0,24.225108961260798,0.06662035667217434,-0.02360112914046278,0.08952648941056207
2016-01-22,16.0,15.638640481211972,0.1411286448366889,-0.06416018926850958,0.041981441004030645
2016-01-25,16.0,24.765324019474164,0.13868984907310225,-0.07884138405847667,0.07658390122797348
2016-01-26,16.0,17.554923466086237,0.04373484372379313,-0.026246090596199964,0.18428803353613687
2016-01-27,16.0,19.543221123130255,0.16399304972648443,0.0037322011215605577,0.09165243193987399
2016-01-28,16.0,15.736481463708463,0.15154935752775264,-0.07753129576641896,-0.035022897084348525
2016-01-29,16.0,19.17093164476777,0.0398677348686973,-0.10344888832562527,0.12782394010743892
2016-02-01,16.0,20.11804544973513,0.021279825444251874,0.009868090481195163,0.06616975285872762
2016-02-02,16.0,4.573089153386157,0.0566453289384971,-0.024922944934185773,0.1582403429397622
2016-02-03,16.0,6.59639747752508,0.0954061577881595,-0.10941162392530385,0.15367104182980323
2016-02-04,16.0,19.88764691168925,0.07842514681578319,0.07566647217855063,0.1557202696350744
2016-02-05,16.0,2.4660488088498767,0.05147764840814558,-0.051924910399390206,-0.17062179538375166
2016-02-08,16.0,2.987212215844701,0.014744213202088317,-0.11377396218408166,0.11496880957566713
2016-02-09,16.0,18.652686468150883,0.026719135304501075,-0.07433746950285977,0.032743549673280026
2016-02-10,16.0,10.922575345728395,0.11877889046194415,-0.1242621588518927,0.14171882977292105
2016-02-11,16.0,7.76225167428941,0.029451712021262948,-0.12958235744985644,-0.03121841218988966
2016-02-12,16.0,20.106436474993497,0.15424733486255773,0.10579628522174825,-0.05830521938762695
2016-02-15,16.0,25.282613147954777,0.09027009688047208,0.10283092252325063,-0.04736274161183096
2016-02-16,16.0,12.92490612165961,0.02399370011821276,-0.0927261048998102,0.08626304237119797
2016-02-17,16.0,7.883571254426867,0.1558705813229051,0.10759346659773744,0.055243590812098925
2016-02-18,16.0,29.96583083169042,0.13116391904315625,0.09323392072612521,-0.012767804307833142
2016-02-19,16.0,23.42933032159246,0.09265421887557876,0.052231008423827885,0.1362003933421066
2016-02-20,16.0,7.324232482087374,0.02698519656567235,-0.06455792836008245,0.05394117829254491
2016-02-22,16.0,10.484711584984543,0.11032762087729622,-0.04813756655056803,-0.059906254744744925
2016-02-24,16.0,27.472582359229882,0.09383570197454419,-0.07687800313513062,-0.04200044240418163
2016-02-25,16.0,29.437577667518294,0.11264552569830891,0.012338750554888062,-0.16741910885959252
2016-02-26,16.0,16.937658924730716,0.01757673846136101,0.10812729557085421,-0.14117905789723564
2016-02-29,16.0,26.063563744727375,0.10545689109801151,0.10114567718822676,0.14217196910451085
2016-03-01,16.0,7.6688642981757935,0.1535957151145715,-0.007337618707794646,-0.05741571210417684
2016-03-02,16.0,29.19779545346507,0.04248673817466129,0.12559744598214947,0.021263046797773938
2016-03-03,16.0,17.763448072695063,0.046267415967502445,-0.007070479975661542,0.09627884351250693
2016-03-04,16.0,17.332475501088688,0.013550486922091652,0.11472235839110606,0.04032733651855325
2016-03-07,16.0,5.292569802873455,0.15344026409502048,-0.08892485474324793,-0.1350467097810933
2016-03-09,16.0,20.108131310369927,0.01652661758152759,-0.10864126790209151,-0.0389951190700987
2016-03-10,16.0,1.6835178700832876,0.06415383033079358,-0.10402925968473761,-0.04827942231445487
2016-03-11,16.0,14.395604968938883,0.06443382987357002,0.11506605848826731,0.07741299667532808
2016-03-14,16.0,6.620836539633078,0.051212485323346275,-0.0033383560578892912,0.05844165018854702
2016-03-15,16.0,23.229841236537375,0.11022095535673929,0.12613106844657143,0.13656413009885526
2016-03-16,16.0,9.161021330668019,0.1260870552775715,-0.045045492853710414,-0.15674485915784914
2016-03-17,16.0,3.9164337959561113,0.04054334547893308,-0.06300261562412417,-0.1312872589160738
2016-03-18,16.0,26.573334239743115,0.13911928670422252,0.07754929371358801,0.12866241059558914
2016-03-21,16.0,12.400983661060565,0.04578280731441517,-0.08272126799051499,-0.01619793454544674
2016-03-22,16.0,14.10416919701342,0.14782819680277764,-0.016037846118723234,0.08761319087445002
2016-03-23,16.0,26.680731608920762,0.11497864959011328,0.06838958832853304,-0.023429245359872813
2016-03-24,16.0,28.237445789954126,0.04533302776141742,0.12413609623417024,-0.1591142885726297
2016-03-25,16.0,6.821373759836865,0.06061228528960367,-0.0709591541486061,-0.18190959541657048
2016-03-28,16.0,4.496507746074872,0.030501644620623082,0.058406574667615146,0.19002164848013964
2016-03-29,16.0,1.602767661470268,0.07349480343312215,-0.13219648700671296,0.18328497953875295
2016-03-30,16.0,28.38261174870614,0.16366832084276078,0.09310763256104282,0.2271997480510558
2016-03-31,16.0,24.61013195825368,0.040510756558202306,0.12538097707819743,-0.15522798166467547
2016-04-01,16.0,6.946227168245023,0.15303613273994565,-0.1212452587655807,0.028159046450659503
2016-04-04,16.0,22.977402964307874,0.17526093318081298,-0.0664035086346671,0.10682990377286089
2016-04-05,16.0,27.045086851400825,0.11929554540473505,0.09222296233832758,0.11341149880320367
2016-04-06,16.0,21.332987636116886,0.08314715585446486,0.027336598572200693,-0.09106775518340764
2016-04-07,16.0,16.43661318028653,0.05197778941247519,-0.1134180679396805,0.049324088191906174
2016-04-08,16.0,1.473552476809229,0.02269288367572293,0.004561205800822532,0.2134866845023381
2016-04-11,16.0,4.887674324743352,0.14099447563700834,0.010252875824284469,-0.09710026280735799
2016-04-12,16.0,7.426704601105596,0.03531321666952747,0.06051853265276955,-0.04533846725932575
2016-04-13,16.0,8.60612711733439,0.01922924548489091,0.11899108692637503,0.14239607491192202
2016-04-14,16.0,11.399385932289523,0.13309137012526676,0.08641698919485319,0.11536017550665018
2016-04-15,16.0,3.485402292845495,0.04694786849640535,-0.08736218868405132,0.09108032828674495
2016-04-18,16.0,18.085001602747287,0.14570016742131184,0.02389290295130414,0.11680155875693071
2016-04-19,16.0,11.809582990182614,0.0129769438366907,-0.05616899044918626,0.10414706118213218
2016-04-20,16.0,19.154146255278558,0.02236661885297847,-0.07961745043309514,-0.011123086118743936
2016-04-21,16.0,15.403318721843046,0.05596782591410606,0.04885990631616799,0.09312838804278767
2016-04-22,16.0,7.5193663783915765,0.040810713703120546,0.04633113320662052,0.14322336959866366
2016-04-25,16.0,7.352146247995403,0.11900837726457764,-0.033815329387044124,-0.07071456535929972
2016-04-26,16.0,21.02583344069507,0.13451142746624584,-0.08639315667249145,-0.07770942959340664
2016-04-27,16.0,5.468929494871025,0.05529145593919031,0.0013610817388070018,-0.08299637443527091
2016-04-28,16.0,27.85183460400759,0.16738769935427616,-0.054130091093944024,0.08749481134541315
2016-04-29,16.0,4.339577623275959,0.05023071838002654,0.0885168919294696,-0.1804445340217781
2016-05-04,16.0,15.242394970574942,0.06646074843243929,0.0628455793442397,-0.04412186627228187
2016-05-05,16.0,19.11541724693938,0.07093708901373413,0.10895001410152991,0.19747849192984035
2016-05-06,16.0,9.07217099560699,0.04429116684958322,0.10676713587899375,-0.003095731791114692
2016-05-10,16.0,23.19585236075597,0.15346081488096033,-0.01717960586035608,0.09363835692035122
2016-05-11,16.0,10.054139588318046,0.1734751474073774,-0.13377521445641866,0.17552208124424362
2016-05-12,16.0,18.12583095308581,0.11993880608706015,0.12721864457776896,-0.03476996215630132
2016-05-13,16.0,4.915159444811026,0.14321222697803565,-0.04440909163238828,-0.15056951237018446
2016-05-16,16.0,1.2187284603555992,0.13668438303432454,-0.04925698631877316,0.011261067527130575
2016-05-17,16.0,2.372919562675367,0.03660283235133194,-0.024232026737526308,0.22594134990094156
2016-05-18,16.0,5.03846493621775,0.13690916866768887,-0.014821624061482783,-0.11756880076711146
2016-05-19,16.0,2.387630480031966,0.04336009614655369,0.04328814080762025,-0.009404325225609578
2016-05-20,16.0,10.124951374432744,0.11805056307321735,0.1206810480410773,-0.010605270445706694
2016-05-23,16.0,13.669737945546416,0.044230615943349386,-0.0235963729801211,0.0625903237707196
2016-05-24,16.0,12.410180682214921,0.10380506587399932,0.009055384918110865,0.15418708307334683
2016-05-25,16.0,15.038233771309024,0.0750373099031878,-0.11716628439311941,0.016790496237698183
2016-05-26,16.0,21.63419688128192,0.011410130558852117,0.05192292071958343,0.08297602194705866
2016-05-27,16.0,11.70285832578094,0.14085383518302746,0.05809133022974283,0.11198752696520048
2016-05-30,16.0,26.977045457512308,0.14695636674256513,0.12742515320229328,0.19867699055663712
2016-05-31,16.0,19.886945111282554,0.07713257331607773,0.04117363659472928,0.19610928151923201
2016-06-01,16.0,29.06802067275016,0.14042968501472422,-0.13377615648422544,0.0693808524281887
2016-06-02,16.0,0.2410414167823005,0.10355531328040476,0.04076009025481958,0.010844810409006894
2016-06-03,16.0,20.18756427069703,0.11664314820497573,-0.13183677681311493,0.1266422851380417
2016-06-06,16.0,27.468050200846218,0.1267894811234817,0.008735945702363024,0.01848995353691235
2016-06-07,16.0,11.580166482621143,0.032863501688160116,0.12073533053427113,0.19891980642618828
2016-06-08,16.0,23.865862182527238,0.05115004914301541,0.10621723178319664,-0.08710358319551556
2016-06-09,16.0,16.71509378614332,0.0189645145743135,-0.13182987354161682,-0.0474298457486558
2016-06-10,16.0,16.990962555142094,0.16680017255864996,0.061180651457605345,0.06484641879509334
2016-06-14,16.0,14.310127065989747,0.09091875760556506,-0.01313047536821868,0.01884619400131113
2016-06-15,16.0,19.02456697338453,0.1557738928670007,0.031264946144534234,0.061953019141896104
2016-06-16,16.0,24.117858494756486,0.10112901456033255,-0.0912379467134505,-0.12460421176471007
2016-06-17,16.0,21.533723963792045,0.08954945106176487,-0.05834787740781448,-0.10094643852496354
2016-06-20,16.0,25.794264557370518,0.13950404219014645,0.07694933247595431,-0.0017456711291783111
2016-06-21,16.0,29.07149860701787,0.02887071739233985,-0.026646775536425457,-0.17130010144141897
2016-06-22,16.0,2.675071191716291,0.10580743393359976,0.09136047645425271,0.15762725663134824
2016-06-23,16.0,1.4290066723865191,0.09129882816029719,-0.09875682543439307,0.14709976747993975
2016-06-24,16.0,29.965287353632462,0.15728409601009277,0.0004068167166696446,0.17589307707504293
2016-06-27,16.0,26.33723530573992,0.14741614817240337,-0.06231839191454981,0.21603170116366288
2016-06-28,16.0,13.538028312947224,0.09857519833789188,-0.08206154237424318,-0.167877695844913
2016-06-29,16.0,8.558215726105932,0.13738337341568943,0.04195880937413074,-0.09173896050527011
2016-06-30,16.0,21.68975069995089,0.050752321673639425,-0.05505541432110114,-0.11604153151163704
2016-07-01,16.0,28.627513542057837,0.039841172050402746,-0.040120222335526326,-0.13543462719573393
2016-07-04,16.0,15.456132638743878,0.06526603567120237,0.06265370218654487,0.11034406131185559
2016-07-05,16.0,10.827300872605234,0.11168873215985844,0.009401507533216696,-0.11001171086973238
2016-07-06,16.0,11.257489855830745,0.1590877939584033,0.08868696627287154,-0.05207115806113341
2016-07-07,16.0,17.452935951423093,0.06552273102342279,0.013286808201388278,-0.013764240692185514
2016-07-08,16.0,8.244258047034748,0.16873510850854093,0.030408485840467986,0.15193270592186292
2016-07-11,16.0,29.172374244686804,0.12946667056641303,0.07396159004741176,-0.062060514868102795
2016-07-12,16.0,20.24586807761754,0.17378920827812527,0.09383585116804813,-0.1728565606226956
2016-07-13,16.0,4.227067886208692,0.07449793468994234,-0.04332936177752911,0.23258314398507463
2016-07-14,16.0,26.986190776749588,0.13242023815156198,-0.0058526529104728775,-0.05600919054055853
2016-07-15,16.0,15.662858490157943,0.06228830453155422,-0.036329371253150194,-0.10036386025977002
2016-07-18,16.0,4.993915860993504,0.14292648192266633,0.10397954616145724,0.2209037916176329
2016-07-19,16.0,4.098314691068149,0.149419326872425,-0.0840422152935441,0.033370432455936794
2016-07-20,16.0,18.162906703223864,0.1479508438786296,-0.09017779767932613,0.06725688557385429
2016-07-21,16.0,24.857127887347183,0.019408609704761107,-0.0055512355692205195,-0.029179370495876794
2016-07-22,16.0,19.643732481514515,0.16761535925801285,-0.05599471397685363,-0.0998529979539901
2016-07-25,16.0,2.8934608734764633,0.06917279610975047,-0.06284888214879854,-0.10048315459102018
2016-07-26,16.0,18.879559482540035,0.13650023646962725,-0.1174374988592506,0.012616144239308402
2016-07-27,16.0,3.3104008116147767,0.09452991191447696,0.05572288337627515,-0.04407117174699979
2016-07-28,16.0,2.8698745513630386,0.027182648956623628,0.11124444666394323,-0.09846565155843257
2016-07-29,16.0,0.7117238334969589,0.03458229613959022,-0.07203635172266468,-0.09616240182093083
2016-08-01,16.0,26.073192582846726,0.10136659665936593,-0.08773679174024046,-0.04378165175856824
2016-08-02,16.0,15.783341171646114,0.12755394983673674,0.0264093121020276,0.06195740839516409
2016-08-03,16.0,3.990979710903284,0.04341582440113054,-0.10641043604605627,0.09254440449109241
2016-08-04,16.0,2.241650856167261,0.05133444970427619,-0.003077332817504219,0.008852004373371691
2016-08-05,16.0,26.418978711954402,0.12965571227386422,-0.043578214409213986,-0.1795302773177829
2016-08-08,16.0,13.145842823920557,0.1602807036581091,-0.014308537096510851,0.16190529457923214
2016-08-09,16.0,5.545791222364239,0.15739607879379078,0.125227938841629,-0.13369665436550524
2016-08-10,16.0,1.1014026669316601,0.04056098586275836,0.10412712468016114,0.07174942573577126
2016-08-11,16.0,0.04126271506692314,0.09863707201861804,0.08588023434426262,0.1076151296747106
2016-08-12,16.0,28.32899597885259,0.11124185255873828,0.04799740615413914,-0.14569147885458686
2016-08-15,16.0,26.91612087564455,0.09015131659277664,-0.08838223697323168,0.011560437765245957
2016-08-16,16.0,17.597729789761317,0.1708571294490712,-0.09184917395082615,-0.04559464208358549
2016-08-17,16.0,9.914296712671407,0.09850391604804118,0.04204647314028706,0.020099248377755702
2016-08-18,16.0,29.236736028564643,0.03360514982907777,0.07709601094095775,0.09130359505820623
2016-08-19,16.0,9.52092353776071,0.14405754238566015,-0.034497082498688214,0.15076083920797112
2016-08-22,16.0,13.989919156442745,0.02656480016885386,-0.06893602876624962,-0.034558237315667845
2016-08-23,16.0,9.438998681371793,0.027435178488889135,-0.022539547239671165,0.13530808067297145
2016-08-24,16.0,15.09783082636374,0.14808296360814913,-0.0031525032537634834,0.22215823621076808
2016-08-25,16.0,28.50023356824224,0.04681307695537041,-0.07015772360563141,-0.1322851754312874
2016-08-26,16.0,14.919236939601152,0.034836160915861614,-0.09568828145452965,-0.15736745961937473
2016-08-29,16.0,25.68674556744372,0.013266338281607429,-0.02683799198091591,-0.17858896270402455
2016-08-30,16.0,10.16551411532202,0.13506488716922038,0.03858085712423165,0.07056595000680516
2016-08-31,16.0,1.8289787552933712,0.10705553011392291,-0.09298042447490504,-0.1425820559379415
2016-09-01,16.0,16.441791079544,0.16852850214964976,0.03381362146280811,-0.03610370262433921
2016-09-02,16.0,5.6849336733018765,0.03025499247185837,-0.011662884733134454,0.05037929845739028
2016-09-05,16.0,10.525239957314644,0.03821653490984921,-0.03793647790772413,0.016099285514197814
2016-09-06,16.0,2.7928256161645604,0.1481612655522314,0.014990269554415264,-0.18224571008884743
2016-09-07,16.0,20.995907539498955,0.14337847927000702,-0.10681314983949891,-0.09893166929814724
2016-09-08,16.0,9.417255297574892,0.02671153745870458,0.023371531357344988,0.20125007640769899
2016-09-09,16.0,13.299714931140736,0.013492524511765148,-0.0004373744153789716,0.051464997007302365
2016-09-12,16.0,24.827134860416706,0.16138939702448768,-0.0015972336012164412,-0.1386943505927028
2016-09-13,16.0,1.6824519015950257,0.12047217413196656,-0.1063872889767946,0.14082168118378047
2016-09-14,16.0,28.88158518369581,0.14516457221579934,-0.1306066995950928,-0.1409465642634091
2016-09-15,16.0,29.99239516005493,0.17414888164638342,-0.05424917091685562,0.0991677204403773
2016-09-16,16.0,29.55960800893004,0.028285959398563626,0.008116491617701588,0.14250310862319404
2016-09-19,16.0,14.843091025380723,0.01645924544624986,0.10338747854338026,-0.04609397885006741
2016-09-20,16.0,6.040969699124602,0.016652359270161104,0.09463731027482464,0.03465423237081519
2016-09-21,16.0,13.052946981347972,0.10935356201496907,0.01107634017958703,0.07673695028171335
2016-09-22,16.0,28.127883066474062,0.029765575025165792,0.026894226144139777,0.21823501273625973
2016-09-23,16.0,5.282525832306838,0.07008295608938886,0.08471320270954197,0.013128360099589398
2016-09-26,16.0,5.390702726715184,0.08463583423976218,0.0200559139974201,-0.1716120574821801
2016-09-27,16.0,1.5931576265820047,0.08566635626885227,0.07962626016633553,0.14138503922252155
2016-09-28,16.0,3.770713327826148,0.09453264668429329,-0.06149688887053788,0.030088080156742997
2016-09-29,16.0,13.884433698194634,0.07110883535162237,-0.08588933877627558,-0.12695331780242491
2016-09-30,16.0,18.583766331187782,0.16645839608846819,-0.062017170780942335,0.18568230000380942
2016-10-03,16.0,22.22071550151788,0.0749821934224281,-0.042348335204384566,-0.031362919761069585
2016-10-04,16.0,7.314806062661172,0.026869140768622325,-0.08532436796726059,-0.010460393277152202
2016-10-05,16.0,19.551337259479578,0.06406382830816838,0.08468179889304805,0.1613156669890593
2016-10-06,16.0,2.343097180489644,0.04334581689613082,-0.08326241824619618,0.22328097512393358
2016-10-07,16.0,20.739044173478778,0.11540533404920561,0.0973879107291111,0.1310324273037587
2016-10-10,16.0,12.740682449857864,0.052069721533073,-0.014836064758504394,-0.020457224117551603
2016-10-11,16.0,20.198497561652804,0.07733372136905381,0.09767544156085015,0.14624080635959963
2016-10-12,16.0,22.000737379465665,0.08643574918421076,0.10271446515766489,0.22135950905464868
2016-10-13,16.0,17.167995007027905,0.13181777446167114,-0.07325599812037828,-0.07700736352173655
2016-10-14,16.0,24.80262899614462,0.027222392488906306,0.10298242836421687,-0.1348010893721317
2016-10-17,16.0,17.95213044359412,0.15554234562234073,-0.04155776499873083,0.15385619834775627
2016-10-18,16.0,26.730392852339044,0.09427833262969657,-0.06919552480121885,0.019711823547128027
2016-10-19,16.0,27.711734839288148,0.05011068888312199,0.022954211806569452,-0.0624841949250215
2016-10-20,16.0,15.761023858570661,0.01298948472769137,0.03827473271033818,0.011844014923590607
2016-10-21,16.0,29.65458395534573,0.12199756737919151,-0.05310386586056581,0.14884028432592317
2016-10-24,16.0,5.136197178758452,0.16892779882666623,-0.1174295348875472,-0.1836238370384321
2016-10-25,16.0,18.439466520139018,0.07957744084552701,0.10676071426207479,0.10502690782791918
2016-10-26,16.0,10.333068808186626,0.12396692673733084,-0.07042679794431823,0.008892103829789888
2016-10-27,16.0,9.242541741677453,0.12939348326472921,-0.005702451422385957,-0.13942817183568312
2016-10-28,16.0,7.449442741034503,0.17212643440220868,-0.12084549161477028,0.1592886526294992
2016-10-31,16.0,0.11268295309790566,0.03222176908679581,0.020925163393549412,-0.16133190173792147
2016-11-01,16.0,3.660357643977703,0.13205447129056128,-0.11183367329894112,0.22835545347081498
2016-11-02,16.0,12.700332515774399,0.045232549196260574,-0.09320183352335365,-0.09133745711173298
2016-11-03,16.0,0.9894765891093549,0.10270353414670777,0.035248287915134624,0.037417037613410836
2016-11-07,16.0,9.365370687854579,0.026323858146228236,-0.11500729115263933,-0.0782869454940191
2016-11-08,16.0,28.585755657382954,0.0824897262330766,0.07712459764310703,0.02328552048273938
2016-11-09,16.0,28.907644300186448,0.05914529239179595,-0.05991691202687398,0.06282549557385175
2016-11-10,16.0,8.429293015522873,0.027268245861309267,0.12440869293942516,-0.007355246069801424
2016-11-11,16.0,11.128992108615767,0.03799773073283199,0.11988972319615368,-0.0988277201805081
2016-11-14,16.0,4.472144020069637,0.10395455517324242,0.10213848517923371,0.0943566133439358
2016-11-15,16.0,9.3410891925772,0.038219938672768045,-0.062151018489125937,0.014195479183713333
2016-11-16,16.0,21.57379942970835,0.14935195159810025,0.036833731249020646,0.1543807930810152
2016-11-17,16.0,20.005926755207007,0.15056094352458868,-0.12673702220443273,-0.007089782843667514
2016-11-18,16.0,26.291120879918168,0.17046047436998543,-0.007804908079835582,-0.002516039048180707
2016-11-21,16.0,26.25255563138763,0.0810646519717522,-0.058300086668355594,-0.01534579690778523
2016-11-22,16.0,5.286850606583676,0.142005091745141,-0.08648678425604331,0.0170256369852608
2016-11-23,16.0,24.841018706790162,0.1118374642661828,0.10346803798633253,0.004652946640101269
2016-11-24,16.0,13.887149376411024,0.1418158953059063,-0.06570566683521702,-0.04633668776235761
2016-11-25,16.0,0.7573863341214437,0.06297504942366777,0.12338104920676898,-0.1302560088255811
2016-11-28,16.0,5.721151463896128,0.016915667780340864,0.06234524524568116,0.15042543173267137
2016-11-29,16.0,19.379551309109587,0.13145772686145676,0.11709141726026892,0.056084921202671584
2016-11-30,16.0,20.345623423780054,0.11391489605935426,-0.11531900366636065,0.1717222123513335
2016-12-01,16.0,2.373680328036328,0.017176951304486918,-0.009617940922699575,-0.12071984316192258
2016-12-02,16.0,0.7723499010003854,0.03328827526236311,0.12503284871371914,0.19399105575795683
2016-12-05,16.0,1.4411624431344416,0.05943442119541924,-0.023016609039524766,-0.027618956582189574
2016-12-06,16.0,0.35504247525617316,0.127651901686203,-0.11135277941426545,-0.03643375682413352
2016-12-07,16.0,23.768959060091408,0.1587077759969002,0.06602097514521138,-0.11924584858693577
2016-12-08,16.0,18.478459582138708,0.15347824803166701,-0.08337523239106376,-0.17807839081563112
2016-12-09,16.0,3.1758129632669387,0.030708743110904758,0.07606366268594178,-0.08230708206396367
2016-12-12,16.0,18.135239771891154,0.08783931156398134,0.046466121096372215,0.02562508313234002
2016-12-13,16.0,16.254330996186045,0.012523985548508136,-0.08236285285405248,-0.1165078235623816
2016-12-14,16.0,2.018443186764821,0.028900727862452624,0.04090128344919136,-0.17493272901357598
2016-12-15,16.0,10.151176252208339,0.08345708034912844,-0.09604853254729107,0.22395220783380548
2016-12-16,16.0,23.902135473583915,0.13005344990610979,0.049203317509022876,0.15059066044529623
2016-12-19,16.0,7.944711308986347,0.09442923525781341,0.007433548770228643,0.11504552319696176
2016-12-20,16.0,28.225349185911792,0.16569375493854216,-0.05610939991352783,-0.11752988591513554
2016-12-21,16.0,23.24054052459618,0.04244548193675724,-0.07055171595000148,-0.07427031960834275
2016-12-22,16.0,3.0913909502378187,0.06468378430935655,-0.022444927230653555,-0.15404685851225058
2016-12-23,16.0,19.016676441471073,0.0392748167802394,0.11327815546811171,0.03660033745026223
2016-12-26,16.0,1.917656170835872,0.15595437458955125,-0.0632934614231673,0.025699871789186673
2016-12-27,16.0,11.48433200127725,0.1494447652675625,-0.05327818732266017,0.1793032250515758
2016-12-28,16.0,8.628816492696153,0.08787704120285517,0.09779583493690433,-0.17536449171705684
2016-12-29,16.0,17.80821564737169,0.05074640668021549,0.10826464645029352,0.04939151384135604
2016-12-30,16.0,6.030217828463542,0.058680544974040794,-0.11934467707051079,0.029149994105459265
2017-01-03,16.0,24.10843572038793,0.09302764628043753,0.0020683120588274595,-0.040779365741376444
2017-01-04,16.0,3.7841813216320186,0.11717377621740246,-0.057094219630987555,0.20635196832141633
2017-01-05,16.0,19.02614342135601,0.04262710366215302,0.040081146058838446,-0.1599328853641916
2017-01-06,16.0,0.009113848031484517,0.022303217004146676,0.10770648236710428,0.1633821203709097
2017-01-09,16.0,21.77985225574395,0.11648282135587157,-0.015555538549016298,0.017802927068770652
2017-01-10,16.0,19.46969824406618,0.11337084530717478,0.04448346342046505,0.07655389728631978
2017-01-11,16.0,20.47241413589592,0.16874948001820958,-0.01508526230793461,0.10002615100175133
2017-01-12,16.0,15.549294338626728,0.01685741716700643,-0.001432105345636897,0.20391771109043122
2017-01-13,16.0,19.256384091257836,0.013524916362725788,0.11074022836262024,-0.015276317091994646
2017-01-16,16.0,20.099560537773282,0.13727336418970265,-0.07381614819499863,0.1940155720026755
2017-01-17,16.0,9.011905314746029,0.0954416538518417,0.08084850764442159,0.06083836616290669
2017-01-18,16.0,16.765945366487195,0.09043329603679792,-0.06034823909302617,-0.10305458095995815
2017-01-19,16.0,17.211472078222425,0.1387277837654742,-0.09680997964005283,0.15559122200864078
2017-01-20,16.0,29.31409239062395,0.053260501660892856,0.07712915227698447,0.04472650988200902
2017-01-23,16.0,16.39801826239822,0.13827127579967596,-0.0626975232099176,0.05491106583277039
2017-01-24,16.0,14.998333790018286,0.13244467207284102,-0.04678879398212722,0.004710359522465096
2017-01-25,16.0,23.106978215939918,0.03337924584708543,-0.09271775783481821,0.15670506573831944
2017-01-26,16.0,6.860017229843013,0.06743285278452527,-0.034580952094646566,0.08331059518494321
2017-01-27,16.0,14.442772975033805,0.14052254668868372,0.0010625570606498935,-0.03784593807864331
2017-01-30,16.0,3.4705619005479615,0.02666033663960664,0.041229264131715515,0.11625108009129614
2017-01-31,16.0,14.901542277297278,0.03838464490286009,-0.12499208612842246,0.23144831269900096
2017-02-01,16.0,14.930272120198651,0.07994236421569068,0.013866588956013698,0.07453922147542164
2017-02-02,16.0,1.1327730542424785,0.03197765066543816,-0.10688387588925366,0.20641521032975835
2017-02-03,16.0,2.1977701604837985,0.034135653046370756,0.018337002110142497,0.048393709027180654
2017-02-06,16.0,1.9309520508664035,0.06597163419946186,0.12345530529544954,-0.10609666705315043
2017-02-07,16.0,19.84959402169048,0.16504526393563204,0.004597064769566034,-0.06762034974951533
2017-02-08,16.0,2.934658781544859,0.1347681994184982,0.09183531106441503,0.05504034586838982
2017-02-09,16.0,18.47723825800427,0.1724201936975166,-0.002629328317015539,0.10973308702491558
2017-02-10,16.0,20.56408209077557,0.10481944955055625,0.06691642253258834,-0.02820765210648657
2017-02-13,16.0,13.683262563647316,0.09521994787242394,0.020657292578226266,0.1739805254777887
2017-02-14,16.0,26.486296583845455,0.08468736758224632,-0.040241650539494536,-0.17953147490664895
2017-02-15,16.0,16.630468087566097,0.053698909398657874,0.012153901956638069,0.050730520586872
2017-02-16,16.0,29.344654422348476,0.10938593313102396,-0.02651655406643634,0.19436141645006033
2017-02-17,16.0,27.373309839604275,0.0699555631654285,-0.11761191785097191,0.152081516614347
2017-02-20,16.0,6.979025678448066,0.013254186927576881,0.11275157262878796,0.18391583484948815
2017-02-21,16.0,18.773216476197565,0.15494868274014925,0.11515729019185103,0.1604811031697425
2017-02-22,16.0,10.310169257260071,0.12872350607559244,0.024050366319290195,0.121748247632187
2017-02-24,16.0,2.4688554160334784,0.03567312902119274,-0.04894275053606299,0.19817610373461864
2017-02-27,16.0,14.307875986104326,0.08882000563976872,0.07789887486461153,0.22153727633450238
2017-02-28,16.0,25.919732971670896,0.022723298394913126,0.11928255025152859,0.048822518983393265
2017-03-01,16.0,28.915935971425156,0.1442539072688211,0.05077057493972825,-0.04731290702722632
2017-03-02,16.0,22.052018560196174,0.06542881128401226,0.10327879101445422,-0.11319579957824812
2017-03-03,16.0,9.329047941387053,0.13640643793271787,0.03554849419796119,0.11479457925767672
2017-03-06,16.0,0.38306612027718123,0.14489544456916162,-0.034069358329298347,0.0463856408857779
2017-03-07,16.0,6.581094951279317,0.10494324126250923,0.08969879391519905,-0.07279359477293679
2017-03-09,16.0,14.21087401719677,0.03450280705883323,-0.014508909039579354,-0.11470976409525871
2017-03-10,16.0,16.714132109687906,0.17310488952160386,0.06100190650219861,0.21898980967831505
2017-03-13,16.0,23.517166636620427,0.11026367024951031,0.052490925652131204,0.08596447415094055
2017-03-14,16.0,21.423927184397485,0.06346565481043269,-0.033145152150586096,-0.08342990047275362
2017-03-15,16.0,22.42219081521203,0.11523393091984915,-0.00036854579841202884,0.12459811314603592
2017-03-16,16.0,26.206776408910564,0.16603299136395425,-0.07697768078732917,-0.1123821913533345
2017-03-17,16.0,5.113401628268726,0.07503582051583732,0.11709547066352108,0.07970171889818795
2017-03-20,16.0,17.969352868572575,0.14832831501756016,-0.09792401652606211,0.0641738261005469
2017-03-21,16.0,14.169533079587621,0.1320964958253388,0.09831097672396766,-0.17451201347225553
2017-03-22,16.0,22.72365996996181,0.12064872706345889,-0.07119707098236018,-0.18632658285518577
2017-03-23,16.0,29.279901925430416,0.1030760059271662,0.08313374443708363,0.013239877515088538
2017-03-24,16.0,11.588492381675731,0.17215260771676894,0.11887908234703656,0.008077794526476945
2017-03-27,16.0,13.668667200780725,0.08949414028097566,0.07859855167616142,0.05855146101497327
2017-03-28,16.0,27.31021781632149,0.0207265350449471,0.01190765407504149,0.22180772875789556
2017-03-29,16.0,12.769763781983576,0.03222147755239611,-0.049227136092795165,0.18664452755859762
2017-03-30,16.0,19.115625527208444,0.12776971850233396,-0.025364744962081784,0.01405149480510412
2017-03-31,16.0,18.47462522558881,0.16015953133266997,-0.12963488842634333,-0.060154214173352705
2017-04-03,16.0,22.07551856986774,0.03478874813222142,0.048127708062298324,-0.0967017098133655
2017-04-04,16.0,9.300397805027181,0.11737626595964207,-0.03928650539788041,0.13400325391030626
2017-04-05,16.0,14.472799236740885,0.14063194319164588,-0.11935973540702677,0.17241646181276937
2017-04-06,16.0,26.38329059555374,0.08107040298643928,0.0071134454085105825,-0.16946522278942822
2017-04-07,16.0,21.59646503440993,0.07677512408124115,-0.08662675952102099,0.15148674108355553
2017-04-10,16.0,15.616423968344243,0.14803989538289894,0.05283315419495688,-0.12410718892396118
2017-04-11,16.0,8.67515210881672,0.1700014332909239,-0.08380708014902244,-0.053421141962503776
2017-04-12,16.0,17.759449141669297,0.12859891066625848,0.03571173405105449,0.04681029899288591
2017-04-13,16.0,3.5673061983614494,0.16510358875621006,-0.11613944949828481,0.00936176889385787
2017-04-14,16.0,6.005741768135366,0.02053002567221482,-0.06334442963694126,-0.05919684400403927
2017-04-17,16.0,2.4448279660494787,0.175572182611709,0.04703454574868146,0.20244270539703152
2017-04-18,16.0,16.367095486414566,0.12113335533268785,0.010882716563947292,0.15806288229804422
2017-04-19,16.0,15.285745300365885,0.10552171314386749,0.11851549359379773,0.05526662519442921
2017-04-20,16.0,26.52928637987221,0.012967287418917308,-0.11638526163267154,-0.03978824974155143
2017-04-21,16.0,19.09676525977655,0.14249648166091167,0.06966731621594532,0.0455731757863434
2017-04-24,16.0,24.678137385669075,0.11851756348666131,-0.007628306408831137,-0.027733789775094747
2017-04-25,16.0,22.4205980732978,0.10569598520644419,-0.12963709329520695,0.03493313848489188
2017-04-26,16.0,1.520067459286416,0.07710201196139843,-0.006827175014074621,0.026785299064679385
2017-04-27,16.0,11.728503544744967,0.04455545659114922,0.12364931178144886,0.019992460709858578
2017-04-28,16.0,18.043733091592024,0.08070470101207086,0.09211995880683702,-0.029486785865511123
2017-05-02,16.0,11.437048130648416,0.09542114916293717,-0.010119077915928532,0.10579340788393327
2017-05-03,16.0,9.879625390055024,0.17186377038696518,0.032272600530689394,0.14896931172245498
2017-05-04,16.0,8.963788732714956,0.1565272825540408,0.008097230115565152,0.2008345436393758
2017-05-05,16.0,5.226121081946097,0.10903470012809435,0.04862365875392724,-0.05444786644296465
2017-05-10,16.0,23.11258528489158,0.12780099524601246,-0.08193688752213121,0.03103636043503727
2017-05-11,16.0,5.423789378006033,0.03696472890126587,0.09082516465945495,0.21778883245465286
2017-05-12,16.0,10.741238727230227,0.15590055745083917,-0.06376664441345993,0.1564247272703727
2017-05-15,16.0,21.951932009181345,0.024744647249312066,0.05747711235433775,0.06349426647006151
2017-05-16,16.0,29.398580957110614,0.10197732145320507,-0.06325362727492304,0.14181182708518997
2017-05-17,16.0,20.79506559014724,0.1457146939105698,-0.12529499725656215,0.09233403633386311
2017-05-18,16.0,3.261968656919969,0.13037256623246654,-0.10211221886869218,0.00963362449088484
2017-05-19,16.0,13.99167014357814,0.09302524328327116,0.026947871481874552,-0.11845724085623327
2017-05-22,16.0,11.719890413989788,0.03620418395082052,-0.04802091542333216,0.1456013314012965
2017-05-23,16.0,16.826909088226177,0.13026969644196168,0.028905037290563096,0.19910005175030127
2017-05-24,16.0,12.534147527881366,0.01279311890408354,0.011821259663238493,-0.10556698782055536
2017-05-25,16.0,24.19658890950221,0.13219988351694947,-0.03319113706611933,0.06829082212471554
2017-05-26,16.0,17.27349309931247,0.14229614351951173,-0.08923365574765053,0.014735696620101796
2017-05-29,16.0,16.42023900381767,0.11275400840715083,-0.07449095868470601,-0.09773664803752043
2017-05-30,16.0,7.172652237704758,0.08480334788415067,0.04048128010158186,-0.031945604612245215
2017-05-31,16.0,1.6121705942776132,0.06256551212536238,-0.08110860197291664,-0.17383068798106774
2017-06-01,16.0,3.584087223186941,0.16603863437981214,0.03531656263409247,-0.1530808967121461
2017-06-02,16.0,6.064033193144045,0.03452234463434175,0.017125181332379502,-0.07715018180318271
2017-06-05,16.0,13.116106023348395,0.14065317521774226,-0.10083393579752979,-0.10993227626717522
2017-06-06,16.0,17.405850405703095,0.01805691118409511,-0.0007306401216122804,0.18946781005559582
2017-06-07,16.0,2.457301673324057,0.16085226636572103,0.09023309150129252,0.13483209143684788
2017-06-08,16.0,27.734407633567667,0.15695582837687083,0.0916029402801686,-0.015093236756501704
2017-06-09,16.0,25.442645510998158,0.13062750909198878,-0.05163790336190335,-0.04327522026029368
2017-06-13,16.0,19.738129170552195,0.12267314606049962,-0.08951228867330749,0.0831600255080035
2017-06-14,16.0,8.017558912044485,0.05742748544762864,0.0866888092837668,-0.11604126561861118
2017-06-15,16.0,4.5626822785779915,0.09523854364715398,0.05881654140721482,0.2054420313127896
2017-06-16,16.0,5.975845203976375,0.13759500726018764,0.04691447437363347,-0.14329256668490345
2017-06-19,16.0,23.552377189071343,0.16056143611065865,-0.09434463755638697,0.07657806746791912
2017-06-20,16.0,1.1163540479391632,0.12957677726341468,0.0991567574622208,-0.07357073357209176
2017-06-21,16.0,15.454605044677633,0.08589551519198932,-0.1211088955622059,0.2299677429318036
2017-06-22,16.0,1.3757791705701061,0.08511290790188325,-0.11454963230465212,0.2063415594502776
2017-06-23,16.0,6.0068084566561115,0.09900813446198675,0.04183841519116144,0.22362400358858714
2017-06-26,16.0,14.199037054133333,0.023197793613614497,-0.05671527216146506,0.055785016220501776
2017-06-27,16.0,21.2021232150118,0.1046636324959663,-0.12913303252941027,0.07484125144126991
2017-06-28,16.0,14.847532160249374,0.13877216619593608,0.06276697695647804,0.08243571626744461
2017-06-29,16.0,9.71379906655989,0.05790899705162825,-0.07394272520324803,0.049643850488316404
2017-06-30,16.0,11.798423009582981,0.04065113028186772,-0.017417618525281092,0.20861909241974935
2017-07-03,16.0,12.376207312701071,0.02684602963513554,-0.12287519049722452,0.16246761918023434
2017-07-04,16.0,11.887374910177332,0.07679065904864507,0.10274089490922994,-0.15617257702084955
2017-07-05,16.0,11.25067296846139,0.15431136670735404,-0.05549826998751506,0.040441429671554174
2017-07-06,16.0,10.897247533361794,0.16266772459988235,-0.06430326370232668,-0.16764470703963041
2017-07-07,16.0,23.23246733438865,0.012122138599883588,0.0718541941366338,-0.07872473726367818
2017-07-10,16.0,7.932001307820324,0.05711407887961785,0.10419114013531017,0.034052398202645134
2017-07-11,16.0,8.612250334291893,0.14923215772246295,0.08211245517156424,0.1691643215032757
2017-07-12,16.0,12.480817009724245,0.035526526479799356,-0.042544183187476395,-0.04424926210161814
2017-07-13,16.0,26.998333598438595,0.09053786012606094,-0.09149461280603122,0.14072005340969707
2017-07-14,16.0,9.48447890248001,0.0694731972595112,0.009586891409401832,0.19805010339660306
2017-07-17,16.0,15.459371589153676,0.1389651676505737,-0.0820670417543714,0.14466219394516222
2017-07-18,16.0,19.0147861875066,0.16420356356187418,-0.020644011415065833,0.07843784103486257
2017-07-19,16.0,27.877111722111014,0.010743956210784524,-0.04865806611306306,0.20070056769571398
2017-07-20,16.0,19.601611495614602,0.15327647274262957,-0.06503133774661818,0.08183807642486984
2017-07-21,16.0,9.95909602853409,0.11898476681799364,0.04866751841059275,0.05258763291900956
2017-07-24,16.0,16.39285723619491,0.13137280092520098,-0.034177124564683595,0.14694136658167334
2017-07-25,16.0,16.421813161627107,0.09379631844919131,0.022025059545363268,0.01650908471091761
2017-07-26,16.0,11.173026199197997,0.061823197331628825,0.12431307632003677,-0.10936221262687042
2017-07-27,16.0,21.549489898752544,0.11765720873078825,0.060360407474132766,-0.14657372647676545
2017-07-28,16.0,28.600424149626658,0.14303831277416007,0.12305805117366578,0.21201993219406345
2017-07-31,16.0,24.435242972484886,0.05801919152550795,-0.08402586194856392,-0.11631266701137584
2017-08-01,16.0,14.985289381349705,0.08989021214458853,-0.09290436807589073,0.04377390418848526
2017-08-02,16.0,1.6703026589883274,0.1628732116521179,0.11593896209622231,0.11279126391018685
2017-08-03,16.0,3.0920749114027366,0.020633149840140336,0.003333047347081869,-0.05075163476320113
2017-08-04,16.0,20.948187601091604,0.011154330250849297,0.0016455417127489713,-0.0166228302834312
2017-08-07,16.0,29.00559110328719,0.15861467689985173,0.06912519392243421,0.14152075353422122
2017-08-08,16.0,6.2313088356998705,0.023487111140467466,-0.025769447267274315,0.04829417806966241
2017-08-09,16.0,12.898338236967342,0.12734735766952382,-0.05574475633738038,0.07640106696104954
2017-08-10,16.0,29.145132956706547,0.09507229498106687,-0.06555567872382236,0.23252793035106328
2017-08-11,16.0,18.146898306580148,0.16389984738481458,-0.07284986914068362,0.01975890109676276
2017-08-14,16.0,3.3655995817651663,0.06526190409658436,-0.11559018418496236,-0.13044829840127856
2017-08-15,16.0,10.304736889575413,0.08082841693369561,0.013586759632007173,0.18467662384292427
2017-08-16,16.0,16.815359207411245,0.10573812311249486,-0.010959230193116232,0.16090232469325738
2017-08-17,16.0,21.885685137161623,0.015489996143783113,0.06435877446365404,0.20792109255795227
2017-08-18,16.0,20.80125450921475,0.12151852936327129,-0.10318328493602846,0.04200951953705251
2017-08-21,16.0,6.517303220944434,0.1667809002294752,0.10132774677058418,-0.13417863417583675
2017-08-22,16.0,7.357177162430002,0.08610771634766134,-0.0018284949956869356,0.061003039439083084
2017-08-23,16.0,5.486285240117235,0.0926358193652943,0.02619723054699935,-0.0855458827407008
2017-08-24,16.0,22.372609001594896,0.10112215319364246,0.062290508569543185,-0.18110537896005147
2017-08-25,16.0,13.370857422373065,0.14575932403431283,0.06370176039616807,0.13988619591928708
2017-08-28,16.0,15.494107223082548,0.08261284248033515,-0.07159864848131722,0.045863975927876055
2017-08-29,16.0,28.403374056160757,0.1392173956299079,-0.07196255892737466,0.06262530803721966
2017-08-30,16.0,10.684609699273098,0.14719842801029603,-0.03365771960998443,-0.1079371514469137
2017-08-31,16.0,10.896279422770334,0.04188375277720342,-0.014379741748662592,-0.1487188083613849
2017-09-01,16.0,9.595692707183689,0.030673736808163866,-0.08200992243534524,0.18647748720143065
2017-09-04,16.0,7.831017252971542,0.06679532812475539,-0.09029809014840548,-0.09482042511619536
2017-09-05,16.0,15.284191988529027,0.11603582190913525,-0.0619700951577601,0.022929237675620717
2017-09-06,16.0,15.176922558331782,0.03465196442072868,0.023382580509498735,0.056517166547850495
2017-09-07,16.0,11.028582360532312,0.014513651066592248,0.01187498582343588,0.1829542214748192
2017-09-08,16.0,16.56966519758048,0.06956942814248866,0.12139436313503474,-0.010380881206469544
2017-09-11,16.0,0.046825034721682535,0.05772656803455047,0.08856702975270309,-0.0617307214329573
2017-09-12,16.0,11.888482626548289,0.1245967162928073,-0.103670920325928,-0.07417595963738999
2017-09-13,16.0,9.852875651501327,0.06291529823695305,-0.029942315350662954,0.07090269194051602
2017-09-14,16.0,9.1122502380619,0.08056722150311371,0.11189314400389702,-0.000817006302076928
2017-09-15,16.0,14.442944501422291,0.12932428485344385,-0.011299961782558626,-0.17754079201073447
2017-09-18,16.0,4.518235506885512,0.11468393926558981,0.12090781727432812,0.051363529994919555
2017-09-19,16.0,12.169477894915946,0.08636145661969746,0.10239828138646273,-0.16904937164242412
2017-09-20,16.0,26.28456477509468,0.07853727334082833,0.04490419537884943,-0.02021900989330716
2017-09-21,16.0,26.409586150891393,0.025386503607859892,0.012945874106318617,0.007737016693762949
2017-09-22,16.0,15.582985831569744,0.1558303821303287,-0.1282335700488661,-0.15660707607020175
2017-09-25,16.0,16.16380561355857,0.06564859583089762,0.11055464950079236,-0.010403379813824942
2017-09-26,16.0,2.3943815712322136,0.1241229305557168,0.07576926172543069,0.06217169620476787
2017-09-27,16.0,7.9905037130752765,0.07684402156957501,0.102035214167992,0.039402506031978396
2017-09-28,16.0,21.00149448812661,0.012496886012369464,0.04671344060707597,0.20210734149291382
2017-09-29,16.0,8.384354867416647,0.058770812549421625,-0.012345323939388933,0.01902316891215486
2017-10-02,16.0,17.77440914870295,0.020492704328023886,0.11399325294730034,0.21082258864371112
2017-10-03,16.0,21.181796232667168,0.11063626986353961,-0.05330464841938082,0.1784806149207427
2017-10-04,16.0,4.089107422036865,0.03921160899873459,-0.08773596456371496,-0.02074462451370171
2017-10-05,16.0,12.177001143661663,0.04965167734626461,-0.07143063331151735,0.12228371562683171
2017-10-06,16.0,23.513461203187603,0.06903267478080088,-0.033608487114966806,-0.006347571958304266
2017-10-09,16.0,20.346985320002762,0.051932277779204075,-0.13204959390317716,-0.08945041747273903
2017-10-10,16.0,24.089949934076074,0.1366994881363627,-0.08413222425431335,0.0020789578864733316
2017-10-11,16.0,23.89342998915586,0.10408826331005197,-0.056323143350541616,-0.1435593274800439
2017-10-12,16.0,28.26712923364167,0.1338907187483505,-0.06774447735525481,0.1948558321522601
2017-10-13,16.0,28.878830018878787,0.16969215349570654,-0.07482327154574944,-0.14041153456972788
2017-10-16,16.0,11.97033170766816,0.08389504747560864,0.12489101432776542,-0.12674168499547248
2017-10-17,16.0,29.161055184728724,0.10022036421715727,-0.04740080913115824,0.11920514473518978
2017-10-18,16.0,16.06515847603436,0.0726484756759391,-0.06511953727098743,0.12721877930648595
2017-10-19,16.0,19.9112556493117,0.10052057190848951,-0.01734888752989533,0.19735052194273467
2017-10-20,16.0,17.726801186971617,0.0884102625398395,-0.06109208591863685,-0.012578585674038967
2017-10-23,16.0,5.369103099574989,0.05421039478330193,0.12482682075626009,-0.08888368282201592
2017-10-24,16.0,9.168973147642433,0.1083966333582532,-0.050118698077330145,-0.15114409942983886
2017-10-25,16.0,9.39311929543566,0.17186376745856563,-0.046211389177780796,-0.1289904252785623
2017-10-26,16.0,21.31322753412292,0.054787725894379996,0.08663343448535607,0.16457068665996083
2017-10-27,16.0,9.0600545456917,0.01489625281278165,-0.08569397905885417,0.1360668392769651
2017-10-30,16.0,4.094715138772026,0.16456923834586454,0.06236519629868223,0.1153266208419218
2017-10-31,16.0,29.745344363769732,0.11775826769022912,-0.06173018423737772,-0.09480743941457526
2017-11-01,16.0,1.670687011892924,0.11974761484484109,0.03661573379831104,0.07394934652809798
2017-11-02,16.0,19.688742895603635,0.12570306298417197,-0.032668711435635336,-0.05720914586271414
2017-11-03,16.0,9.266792499597928,0.1445784275213393,0.0639146199863877,0.1213675492604046
2017-11-07,16.0,28.98776316395148,0.1414951237144583,0.12116557727087898,0.02884383991689568
2017-11-08,16.0,3.6362956348361877,0.015331755797822331,-0.0370175732865157,0.04193174078986625
2017-11-09,16.0,27.576214358129064,0.14796605807904442,-0.09969777447248544,0.023386931002332523
2017-11-10,16.0,16.95221199498677,0.1479664062053673,0.06920995706783833,0.07054444701435897
2017-11-13,16.0,18.834659313339518,0.15196856756652294,0.08300605024899971,0.1570069246882268
2017-11-14,16.0,24.05729003181002,0.05414388830700122,-0.028701823984986177,-0.12461426664275145
2017-11-15,16.0,26.12500729311959,0.08794116056508022,0.06100863764801584,0.0724252734537062
2017-11-16,16.0,11.307899825622863,0.05278620752109344,0.01617230530180183,0.00864537025183107
2017-11-17,16.0,5.130089840556718,0.05627115789207287,-0.12085686052056938,0.15218708218638177
2017-11-20,16.0,23.589813993616996,0.1464767747187416,-0.12235876283708785,0.07242954822996023
2017-11-21,16.0,3.694567310465464,0.15320021272813622,0.0008255302062215308,0.1750847920843105
2017-11-22,16.0,10.67297184609708,0.13681846393152264,0.07366495487279187,-0.12035188136568739
2017-11-23,16.0,28.34052466511138,0.11589785107194503,0.03349447821638188,0.1849895465697653
2017-11-24,16.0,13.009016338742342,0.121804325097874,-0.0801818468346217,-0.06112009330435181
2017-11-27,16.0,9.309973067237523,0.1377957884970399,0.03031603337922234,-0.04467770066569479
2017-11-28,16.0,28.539438590876692,0.1567561290684295,-0.011226145685260272,-0.0771311402853099
2017-11-29,16.0,8.689768427607138,0.15534502818506699,-0.047637916706141606,0.1324048539516286
2017-11-30,16.0,11.877336506450803,0.1490762078112102,0.1182976964906535,-0.039644861255489494
2017-12-01,16.0,15.835211381157736,0.022924601011393875,-0.07862090394316235,-0.11800196159767305
2017-12-04,16.0,16.95023316622435,0.06354681586503953,-0.12201723880978546,0.05800895694249622
2017-12-05,16.0,7.807833653274059,0.09121423019660074,-0.05782245338393942,-0.06991847948608475
2017-12-06,16.0,19.433994425829354,0.05587813291371628,-0.11901027099918728,0.20030133604446426
2017-12-07,16.0,4.7269609634954,0.07949700634019743,-0.099884656473618,-0.1854112693149336
2017-12-08,16.0,3.7974069299686097,0.16839731901097335,0.04020682715296742,-0.15414928290931135
2017-12-11,16.0,4.465401930700663,0.1420534285807031,-0.07264161762213445,0.160360868579346
2017-12-12,16.0,15.509447195819869,0.1139921405349491,0.06453834165070818,-0.13805979805324042
2017-12-13,16.0,28.084580541033674,0.03824170430050317,-0.015678377294102985,0.16558741521301862
2017-12-14,16.0,12.529426700693225,0.11243713273626366,0.026130269657833466,0.12744956668678054
2017-12-15,16.0,16.059597208134726,0.06985909377870325,-0.07485084566058282,0.042424312290070376
2017-12-18,16.0,8.44571691257159,0.08466682887106317,-0.13186027579014226,0.1800156082116322
2017-12-19,16.0,23.346407053398984,0.058472181734430854,-0.06709954099499413,0.17069534432580757
2017-12-20,16.0,14.073013548531549,0.0871244320225478,0.12119008034014714,0.2061749402857111
2017-12-21,16.0,18.125043121208897,0.15547932349333612,0.07286106633092668,0.17477839012136293
2017-12-22,16.0,25.72804968090936,0.1362044696158865,-0.11932683689204276,0.21119934679141394
2017-12-25,16.0,6.762659453674383,0.023643017998567425,-0.054694739697178085,-0.09816524912612808
2017-12-26,16.0,25.49814066969552,0.05161526454510527,0.02855936244242327,0.20988629890143606
2017-12-27,16.0,14.907060229350984,0.15678199325554742,-0.12559472833783028,-0.025146404023592694
2017-12-28,16.0,25.654431027395148,0.03487813424464424,0.016315961579043803,0.04278567517309628
2017-12-29,16.0,21.685664274908774,0.0471460889232776,0.09597182952688627,0.04405486128728578
2018-01-03,16.0,23.788245005892712,0.14197048056850972,-0.08207652741835196,0.08458949466274485
2018-01-04,16.0,29.77432353358864,0.027136169156673984,0.12656834910090828,-0.17274243590179633
2018-01-05,16.0,12.169737010043457,0.07483778312204453,0.10030272548978758,0.15888859822967555
2018-01-09,16.0,26.3875446548914,0.10553051234475858,0.0882760484621995,0.21141389245188752
2018-01-10,16.0,28.875611180026294,0.17112779291610583,-0.008628540289759346,0.22073956749119922
2018-01-11,16.0,15.244500763059579,0.10568052393375316,-0.0906398131422001,-0.025676538036151803
2018-01-12,16.0,2.0690919891473882,0.15630140253887362,-0.04700986982792517,-0.003941101478089598
2018-01-15,16.0,7.989432021715158,0.09539134979111591,-0.12198642662325385,0.026934245570712695
2018-01-16,16.0,11.05013478475498,0.11883700716151616,0.10012292714572077,0.1003859988965079
2018-01-17,16.0,22.267822202797163,0.1613568195706447,-0.06960588865646462,-0.06678961958289115
2018-01-18,16.0,20.723483618499007,0.17174108449940936,-0.05997180243599487,-0.00796397699083401
2018-01-19,16.0,26.72599242259732,0.08504202941064978,-0.009829509292942323,0.05017567127699818
2018-01-22,16.0,7.940203060506095,0.15838764892943302,-0.1256399639944093,0.14978232685769866
2018-01-23,16.0,21.17098664760058,0.016171168347439403,0.0545469540699188,-0.018630860209693123
2018-01-24,16.0,20.46510905003768,0.07494949951674165,0.10975452065777885,0.15387745950899379
2018-01-25,16.0,8.527784689782475,0.1545466409185232,0.01692868102469544,-0.18516659620416728
2018-01-26,16.0,5.065359710517457,0.0664755107850554,-0.12785129046514082,0.14705398108358964
2018-01-29,16.0,27.704411496050927,0.16667059436035514,-0.07429618150935058,-0.16373155822810861
2018-01-30,16.0,18.00932043522636,0.10375960795142428,-0.06371115413756923,0.15986755549556309
2018-01-31,16.0,6.4422704307904475,0.011019483156476882,0.08308955402865409,0.1406131832199481
2018-02-01,16.0,2.83843901355855,0.013543598273397635,-0.1326269475166578,-0.012584237813414806
2018-02-02,16.0,1.5301975516429223,0.16996245511758,-0.027538446003895573,-0.059016606609701205
2018-02-05,16.0,19.139969683471765,0.16152871516872735,0.11110941932429799,-0.1632619831594176
2018-02-06,16.0,6.753052690952384,0.11161834123164899,0.07798142874153721,0.11802921316189458
2018-02-07,16.0,1.8141695110181122,0.09930355165213195,0.030513450248532387,0.07698242546105794
2018-02-08,16.0,27.924354918332178,0.0414265295104944,0.011542918414712139,0.14170435070857396
2018-02-09,16.0,17.401964404217406,0.1749370681821308,-0.048936346283857776,0.10790874283526686
2018-02-12,16.0,27.8121003174512,0.010631742684291052,-0.09772954783053786,-0.08960328650002194
2018-02-13,16.0,10.744302667400982,0.029831590401502156,-0.062256827201198336,-0.09552344091294276
2018-02-14,16.0,12.323603744090743,0.03111551965483998,-0.044799093567531964,-0.13239044935587208
2018-02-15,16.0,24.907433622770377,0.15973462554803927,-0.0003993435828437142,0.1266511806804257
2018-02-16,16.0,13.758823966182653,0.14730185547019542,-0.07393861567791238,-0.031658345130837096
2018-02-19,16.0,10.914048171814894,0.13665326615726855,0.048969375155915984,-0.16816157484078068
2018-02-20,16.0,29.07718403780281,0.16790536835979297,-0.08778473315773469,0.039932760617357455
2018-02-21,16.0,8.139108746989503,0.08923419239203187,0.0925998684902031,-0.034285334631849296
2018-02-22,16.0,22.683505679876546,0.10498831147583668,-0.04511264908798253,0.02362052622550495
2018-02-26,16.0,20.588405013274574,0.09076045956307283,-0.004630993435181363,-0.08030318063265103
2018-02-27,16.0,15.137087168967906,0.06745154614607868,0.07959055474824417,-0.028750758789268666
2018-02-28,16.0,20.985799284157476,0.05351261464146205,0.11072404111425299,-0.12677073217120682
2018-03-01,16.0,4.501109776515139,0.06573779249079044,-0.020085627704132844,-0.01546415004459406
2018-03-02,16.0,0.1372473941977359,0.17340803712688355,-0.05834422122326785,-0.05716145633322689
2018-03-05,16.0,12.74281085986307,0.06139612618463,-0.010127643308802448,0.07357018358900425
2018-03-06,16.0,10.504529348206823,0.019994512151776438,-0.12945793800338595,0.03193960035616414
2018-03-07,16.0,4.47824522481143,0.05543270969052273,-0.035727770243947354,-0.09993594401604487
2018-03-12,16.0,8.553394413647267,0.047386650703708254,-0.03124555365328005,-0.007608010129404069
2018-03-13,16.0,19.43174520465157,0.03154569508315873,-0.06701983764569842,-0.0020818054242678075
2018-03-14,16.0,23.48499133924473,0.14304448088320215,0.05410122072532872,-0.18288683510176956
2018-03-15,16.0,20.5236317768142,0.015164501098508643,0.00780226615977761,-0.08411879640339183
2018-03-16,16.0,6.615728855084541,0.0539944069355005,-0.10586400130964627,0.19520946133013822
2018-03-19,16.0,26.774431899606707,0.02485373078533376,0.004075127585851074,-0.0012102056498535796
2018-03-20,16.0,6.757259190199072,0.10688443303037612,-0.04244485889322584,-0.09165137985451806
2018-03-21,16.0,4.160272980375742,0.07753817969680404,-0.11635664424795306,0.1692190526354752
2018-03-22,16.0,24.431241153117625,0.060993879556727096,0.02791898164011916,0.05246924773530923
2018-03-23,16.0,3.5762747401179884,0.08977937285441054,-0.06120204694887248,-0.15601198425658472
2018-03-26,16.0,2.448761514320472,0.0323399000309365,0.031425262249866304,0.18847637581417054
2018-03-27,16.0,19.77371825925132,0.0190360459973435,0.11855656302086473,0.0457725074455998
2018-03-28,16.0,9.952723804850462,0.08620192923186631,-0.0064240334206562,-0.15758324223202225
2018-03-29,16.0,15.521362401169123,0.09141592738567084,-0.003970661640243511,-0.017157601254086524
2018-03-30,16.0,25.96893936456514,0.1037920469804533,0.08437002317251593,0.026598744240047073
2018-04-02,16.0,7.334279044813724,0.12971157077690162,0.0638779652401198,-0.12663403081380278
2018-04-03,16.0,0.2802048330307594,0.03348090775000827,-0.06530100196259359,0.018861907612156975
2018-04-04,16.0,22.920074065969676,0.0766835819855742,0.09868894259261288,0.1289182566968844
2018-04-05,16.0,20.40528079710933,0.02782842478194448,-0.011109442055096036,-0.049526615376230515
2018-04-06,16.0,2.8363456679368215,0.1213581142213351,0.05221503712138942,0.039219062994723164
2018-04-09,16.0,2.7604776476077184,0.05625062844419413,-0.10988387612805114,-0.1765710811161256
2018-04-10,16.0,8.92782790396613,0.06101190331785391,0.08378076061476933,-0.018193533659687455
2018-04-11,16.0,23.726353268402217,0.06859298899366678,0.0690288912837117,0.10107532572142541
2018-04-12,16.0,14.985114991585549,0.1206366960903208,0.09842499863333928,-0.0767109456576047
2018-04-13,16.0,19.487187245515198,0.16253139671234634,0.09164712194565067,0.07408048977855125
2018-04-16,16.0,10.815934199878713,0.013350684560375265,-0.13274240963804634,0.11620997823327306
2018-04-17,16.0,7.0489337269435035,0.019310223594064774,-0.0009280575108425171,-0.040420461114085204
2018-04-18,16.0,27.22595380714544,0.048172953798778326,0.05122031570328142,0.05124994577950656
2018-04-19,16.0,11.64447291730095,0.050947921960445404,0.0510792729623927,0.1236630799005593
2018-04-20,16.0,1.9685865375784262,0.09907518716601149,0.10581927056165719,0.035173468853467504
2018-04-23,16.0,28.72082838634933,0.13428191099626002,-0.03424700047787052,0.04596206391134261
2018-04-24,16.0,4.061310459456502,0.12713971507400723,0.10239058796016057,-0.12248791400465718
2018-04-25,16.0,2.751522948015431,0.1138375910835085,-0.1152330291674089,0.1460541192698145
2018-04-26,16.0,1.8471685643459779,0.01680991601513476,-0.03467859862203278,-0.06349786683961668
2018-04-27,16.0,8.766395745999137,0.030912981894998436,-0.0948486725662692,0.12595022913163156
2018-04-28,16.0,7.750939929148952,0.150429731191859,-0.06607148388021382,-0.13343533954348902
2018-04-30,16.0,18.0635057203764,0.12229230589772538,0.008620919264209853,0.028791372580959734
2018-05-02,16.0,1.2885577705183637,0.07655746955103321,-0.1251904567549668,0.10178047936844664
2018-05-03,16.0,21.01097330299629,0.0771201474731632,-0.032027213686616166,0.10456857137641012
2018-05-04,16.0,0.4393127168339328,0.16956678395048125,-0.025795628564531353,-0.059886288297932355
2018-05-07,16.0,10.971455543939411,0.015201903639935902,-0.05362387572470713,-0.06641708859310189
2018-05-08,16.0,3.5985915398017587,0.08381394398517844,-0.008977834605380708,0.18470879993558736
2018-05-10,16.0,13.072049861651543,0.04557030013127498,0.0889026251372445,0.01541619336601771
2018-05-11,16.0,22.838633905781496,0.12609044556559987,-0.06990618922696665,-0.04532961078271386
2018-05-14,16.0,20.904515002571017,0.03184254528523503,0.001675285724160952,0.21637655712986437
2018-05-15,16.0,13.802870347242022,0.09443179539963134,0.1178280911507035,0.09708066762080547
2018-05-16,16.0,27.424442289619847,0.127577609905858,-0.11980006650811797,0.131685528028253
2018-05-17,16.0,24.896241592700065,0.10022395442729326,0.08143023579067799,0.1222699792605319
2018-05-18,16.0,9.08105614399258,0.06271661868025835,0.06472705105773027,-0.0725583503918469
2018-05-21,16.0,22.492313581245313,0.1650331076007289,0.11994115213426773,0.030921147442405983
2018-05-22,16.0,4.56573608571177,0.12340203315914014,0.10465246906703762,0.1403517107358383
2018-05-23,16.0,7.1594545310680875,0.011895010021877076,0.07271205540809636,0.08691835229900069
2018-05-24,16.0,3.380717311018717,0.02302594527714634,-0.04032044647029959,0.21061348744624836
2018-05-25,16.0,12.697497407719121,0.1455479370125917,-0.002394575932638393,0.13977829084490517
2018-05-28,16.0,16.99689236687331,0.17408843713048283,-0.021043150195537763,-0.12357190048217076
2018-05-29,16.0,27.552583196561592,0.05915598278643168,-0.04852666241124777,-0.1475909357795553
2018-05-30,16.0,13.963427069255465,0.0433751183659165,-0.09911290896898803,-0.16950939814724883
2018-05-31,16.0,14.70314153699226,0.08385664997008976,-0.0449936608127665,0.17087653855288276
2018-06-01,16.0,5.5496040199978705,0.021899237223297438,-0.05265122796672882,-0.06848630606129671
2018-06-04,16.0,28.94716026276183,0.043804369304879666,0.04506300614193512,0.13886229812019102
2018-06-05,16.0,4.0814807543705065,0.04916886831251684,-0.11412008159349529,0.04786995588144993
2018-06-06,16.0,26.260167104574435,0.15108391078037792,0.000934858957347684,0.01805568437345073
2018-06-07,16.0,15.364672784989562,0.16584998161088893,-0.006665553542915037,0.203237688780586
2018-06-08,16.0,0.7009218307575771,0.037899790482958225,-0.06551295007172996,-0.11097678924587302
2018-06-09,16.0,2.4168940117185524,0.06933667663938592,0.03789526247459929,-0.1807450999484449
2018-06-11,16.0,17.961239793318587,0.046019540800847,0.006578878516066172,-0.05519520819717427
2018-06-13,16.0,4.1716906013791,0.16218153879071912,-0.011735405911052321,-0.045063947460036724
2018-06-14,16.0,7.110496709650543,0.05002285016952368,0.08732699530849863,0.07275859403616153
2018-06-15,16.0,4.022391807644895,0.1649626595968534,-0.11249902845889108,0.003890395540479985
2018-06-18,16.0,4.964689357479886,0.09859277797659005,0.11921942975129765,-0.142635457595573
2018-06-19,16.0,1.1230411236773763,0.09388183316486504,-0.05512201604660884,0.001262446270379941
2018-06-20,16.0,20.197588596807105,0.023890985111266,-0.08388372710353391,0.015495541800999407
2018-06-21,16.0,4.699573749159335,0.10382880608496564,0.11603101001865987,0.08744858433093156
2018-06-22,16.0,1.2934430738887492,0.11617109342133974,0.07455261422591491,-0.012215086309174145
2018-06-25,16.0,23.186805539673795,0.13638054886173173,0.023827779844097147,-0.18519745551416975
2018-06-26,16.0,9.848134347792888,0.11951436501238377,-0.1333958950840056,-0.1312590113453773
2018-06-27,16.0,1.439260172882053,0.12809307986426346,-0.007212085671330137,-0.0995367657619579
2018-06-28,16.0,8.244463734688587,0.04817122755467732,-0.11910922144017723,-0.05507070098441069
2018-06-29,16.0,18.497033489962273,0.13561159839988576,-0.0678041021001148,0.011543702106625142
2018-07-02,16.0,5.381932885874553,0.054935155188704794,0.0069105902422073595,0.05885906922664111
2018-07-03,16.0,24.605746996918793,0.1303569185843175,-0.10081144280821161,0.04355924071086098
2018-07-04,16.0,19.261163651265317,0.03908114188268337,-0.07582056166420859,0.09758490589408614
2018-07-05,16.0,12.690099894986847,0.11809104841148779,-0.04056675872997273,0.07651887327183537
2018-07-06,16.0,16.820143635690027,0.03535372908589564,-0.009400594439910204,0.2046091280363474
2018-07-09,16.0,15.590738740208371,0.062105290619314114,-0.10588774801540819,-0.1057783071204278
2018-07-10,16.0,7.0542757881655636,0.0812014878984493,0.060359030024067395,0.15796702021016396
2018-07-11,16.0,29.36919198286318,0.15123595936883388,0.030904099238832416,0.1830789048909745
2018-07-12,16.0,16.524386485057008,0.1337522391110448,-0.0016143543772268731,-0.11178879782848039
2018-07-13,16.0,15.534463540558752,0.035893697814803734,0.0728418377784541,0.014511209509573075
2018-07-16,16.0,6.118775506282414,0.05623909657628129,-0.06250725965813157,0.05443497089858848
2018-07-17,16.0,7.981587502485428,0.17485022461157385,-0.07592813087799442,0.06945766648625656
2018-07-18,16.0,20.27419080136563,0.012699345575205384,-0.10961228381292944,0.009854027283877603
2018-07-19,16.0,12.689898442599606,0.06747714144717551,-0.10913941783775326,0.017569387065972775
2018-07-20,16.0,16.032523566008223,0.10102921310105928,-0.05543650357523422,-0.13162973964239852
2018-07-23,16.0,11.52021082306937,0.0945928547039927,0.08970121744063861,-0.009976517889051323
2018-07-24,16.0,5.361489730197917,0.08766280038978211,0.07841891901443143,0.1532785174806856
2018-07-25,16.0,17.98912684395797,0.17237217693136864,-0.04608359554534226,0.02634517989332172
2018-07-26,16.0,6.1745804045126205,0.09943330311689794,0.00863243845511602,-0.15035626691497217
2018-07-27,16.0,10.95809532834348,0.1267616434162688,-0.1203324192589262,0.040085322153154745
2018-07-30,16.0,29.293684493196043,0.16569122216182458,-0.044562566369742,0.19586506277471977
2018-07-31,16.0,16.57379511908161,0.1682039253797054,-0.021095395398164365,-0.18265883447605497
2018-08-01,16.0,11.845608252119963,0.05237654080801491,0.06929308729236164,-0.09047247750361274
2018-08-02,16.0,21.00755537784521,0.046864303502662207,0.05979330428427579,-0.11646980942628771
2018-08-03,16.0,19.992933649278786,0.054079296986701005,-0.07278755936822573,-0.020891345912446374
2018-08-06,16.0,25.33973293484579,0.09543743468525179,0.07112219995096838,0.04771743771378184
2018-08-07,16.0,13.847075559474817,0.13128622836043385,0.0004128308283846138,0.12046499337318967
2018-08-08,16.0,24.795827118196932,0.030006945300815595,-0.08408706343763478,0.20420057062025737
2018-08-09,16.0,15.500491647875412,0.05554097568073943,-0.011709304451731586,0.09913214581297297
2018-08-10,16.0,17.23149191942868,0.10110952416758492,-0.11319726010123861,0.21139874204440495
2018-08-13,16.0,10.233690193500948,0.05819182949356914,0.010581206126272863,-0.14799428020255181
2018-08-14,16.0,20.608063988997138,0.024422458779316397,0.08259970364467487,-0.027751761336131803
2018-08-15,16.0,8.175933127257538,0.12328226592646568,0.10629352995430844,-0.07804843026081855
2018-08-16,16.0,17.068461724244788,0.11348237894388408,-0.02685352229014068,0.22578068986834876
2018-08-17,16.0,19.34261514873154,0.02068642506637091,0.09889309788411926,0.1694194627259018
2018-08-20,16.0,10.198400396127413,0.03793933277725607,0.06513148735573213,0.2247255123293111
2018-08-21,16.0,7.451314201590241,0.058368290329807115,-0.10414792269947377,-0.010552910632003948
2018-08-22,16.0,4.004453767818895,0.06835932920879312,0.0679521079343561,-0.08075689632731435
2018-08-23,16.0,26.151045871649856,0.010512890642055232,-0.08657678285576684,0.039827474953367
2018-08-24,16.0,3.8540212878584343,0.12519592160088364,0.10442850539678558,0.1851406572108496
2018-08-27,16.0,10.469428612143867,0.0995984791473527,-0.12358776849841861,0.21102298936196884
2018-08-28,16.0,15.658157365761403,0.053124088205992445,0.1090933581499709,0.11988224971455902
2018-08-29,16.0,27.87627606212333,0.1335793782277603,0.0464387387305239,0.10210177988088914
2018-08-30,16.0,1.7641937990535772,0.16291764615818086,-0.007966654991589883,-0.02085637215097269
2018-08-31,16.0,20.72705959135472,0.022540974508921487,0.019897696554570438,-0.17517241280575724
2018-09-03,16.0,18.00966048054609,0.14148976238445468,-0.009919971162643842,0.07199860654862433
2018-09-04,16.0,1.2491407460208304,0.11800693307437848,-0.03992627519099347,0.0708983197254992
2018-09-05,16.0,7.275342193978278,0.029117558686413816,0.016889030878653594,0.047729552149243376
2018-09-06,16.0,19.463202594947617,0.048227799213786705,-0.03871973179312917,-0.01346704894752293
2018-09-07,16.0,8.179489156673188,0.16838493616433128,-0.13060080509632044,-0.10363698429415413
2018-09-10,16.0,27.52535704051912,0.017533015332330235,-0.11941783722145012,-0.09890419151202909
2018-09-11,16.0,1.3070645689780103,0.16905011603134137,-0.07838665700907216,-0.017335199079398844
2018-09-12,16.0,4.077163840884543,0.16785000362179506,0.019753993471879838,-0.17900093052059307
2018-09-13,16.0,22.95228032273737,0.16566300794480038,0.01917033225462561,0.10513145666742169
2018-09-14,16.0,1.2821568320394505,0.07355129652253645,-0.05993324739066315,-0.04858548887376027
2018-09-17,16.0,6.5784418055168326,0.12521119694605834,0.10155879081247693,0.10065562206202433
2018-09-18,16.0,16.657305493326557,0.10452654658322241,0.036000976770257875,-0.06116635190333161
2018-09-19,16.0,16.77799332822806,0.15971675032547344,0.08084466784572147,0.01447262925319856
2018-09-20,16.0,3.726844242018863,0.038618252219540856,0.058828732764544145,-0.1415716093680227
2018-09-21,16.0,11.244059993169502,0.16114502405878725,-0.029578272441296044,-0.04756632711640735
2018-09-24,16.0,1.8032987154800495,0.16774016199239078,-0.10468971825014928,-0.12237691267660424
2018-09-25,16.0,20.08298465152549,0.14072625190481441,0.03358178910466664,-0.11212286777139231
2018-09-26,16.0,26.539487301087732,0.11374189865729034,0.04277494385822647,-0.06210414109147108
2018-09-27,16.0,7.981529252693591,0.08675605007742154,0.011200622141770672,0.1983885604838171
2018-09-28,16.0,17.689582210645316,0.03544811113368939,0.08142732077437345,0.15710974263406846
2018-10-01,16.0,24.819317521335506,0.04832143807427057,0.05460024210987083,-0.033382511494352174
2018-10-02,16.0,28.065467299609782,0.01788457257816881,0.06995497483872745,-0.13884379493306898
2018-10-03,16.0,8.236481850404655,0.03425126773632468,-0.10067152738327567,-0.05472131775007377
2018-10-04,16.0,9.917096056989203,0.03139885165998929,0.07364857131667177,-0.14252572391899743
2018-10-05,16.0,18.64285474074313,0.13746904719378575,0.03250388427798509,-0.07299230331495363
2018-10-08,16.0,2.4680672043722485,0.10761068682927055,-0.02667788903383779,0.11267419033368548
2018-10-09,16.0,3.581214980408217,0.11112940521862524,-0.05166349993068867,0.231321216423981
2018-10-10,16.0,25.433684877680374,0.03894019025077322,0.031757429721477215,-0.13886204021912768
2018-10-11,16.0,18.89866990534267,0.026429273177603282,-0.01039840945766321,0.11950095490646462
2018-10-12,16.0,0.6110328916320107,0.10739347846654476,-0.05441337579314744,-0.13321544767573262
2018-10-15,16.0,14.952737766421333,0.17051853572040418,-0.008036272059867705,0.022856305817797712
2018-10-16,16.0,5.078140473111406,0.04024413296636792,0.11638895637000565,0.18521384292298465
2018-10-17,16.0,7.414447226326525,0.06333177912750995,-0.07764481107907226,-0.09570183173277504
2018-10-18,16.0,3.939760548449768,0.1618312090081755,-0.027932903973003298,0.17763099079412875
2018-10-19,16.0,16.0998678143228,0.09056145515723679,-0.08251262895701447,-0.1284778872099583
2018-10-22,16.0,16.521590222387406,0.11202701052266795,0.09610103306487261,0.15091101111395422
2018-10-23,16.0,27.95217975232471,0.14379990552732436,-0.12159295208000603,0.09004956143362941
2018-10-24,16.0,14.690154968624494,0.07688651626143239,0.050045460448797846,-0.04095359425254538
2018-10-25,16.0,0.1411367580937073,0.016160629873117633,0.04398048986525396,0.1590977405159391
2018-10-26,16.0,19.262044326618245,0.1611347713832035,0.012246373989290571,0.10183714408881717
2018-10-29,16.0,17.110788424289368,0.1380314839901017,-0.060227001174177744,-0.13472597345573226
2018-10-30,16.0,20.243245802106987,0.16792690961955048,-0.009506350032370076,-0.14965792956141594
2018-10-31,16.0,3.6941380152459313,0.03373085304711637,0.02464266977745172,0.12064056146861629
2018-11-01,16.0,21.28008017001303,0.15277719232733114,-0.11797766050997396,0.005023338723963849
2018-11-02,16.0,0.04986235503058212,0.07257839639110143,-0.11273846864486237,0.09150112405292743
2018-11-06,16.0,19.19983280060203,0.1390271562303041,-0.018155601280804734,0.16625347535761903
2018-11-07,16.0,23.071183938742,0.07121218129880885,0.04683910273583969,-0.09448666970760355
2018-11-08,16.0,9.167230436454837,0.10626874394289226,0.07203391509932569,0.08733885955100301
2018-11-09,16.0,3.810607415285543,0.08253119638862669,0.060964701876492,-0.04025579591165332
2018-11-12,16.0,17.603913646804518,0.14774379492208964,0.048358890884094924,0.0077456204949026
2018-11-13,16.0,3.771599182280323,0.12199681374430696,0.08998224549358078,0.16365686809351687
2018-11-14,16.0,9.613139760331173,0.14892132652167508,0.04966825272285608,0.22888035294926257
2018-11-15,16.0,24.683051041744154,0.04327316030298945,0.03397143837344152,0.2128612019837543
2018-11-16,16.0,4.19621149821398,0.08091528520321911,-0.0011035487166154156,0.028994381375123363
2018-11-19,16.0,2.389441301402587,0.10301382205342774,-0.021093125140468585,-0.09984413998688424
2018-11-20,16.0,13.826837749988956,0.1366860222152788,0.09583951188123413,0.22641210599171674
2018-11-21,16.0,24.92571583324401,0.16369611630963246,-0.052172124838438166,-0.06325374985387973
2018-11-22,16.0,20.251691585104567,0.08905450735000656,0.02891361870678047,-0.10165616746661688
2018-11-23,16.0,4.535267365009562,0.15923603162637898,-0.05615921423880671,0.0806410060791492
2018-11-26,16.0,9.67818356794614,0.16484460531098438,0.08940055031273947,0.2275229334352138
2018-11-27,16.0,9.604646614826354,0.14102206926245217,-0.09476440332341644,0.11447002347928009
2018-11-28,16.0,28.44697717618432,0.02649978019545998,-0.02018235814371995,0.025174765856118192
2018-11-29,16.0,7.6481694487926974,0.1251412965755601,-0.11995512328084246,0.16120923273933058
2018-11-30,16.0,18.044812837122926,0.14265699656169023,-0.07496530194822677,-0.11100774183128864
2018-12-03,16.0,11.850379769370221,0.13678924841800172,-0.033297933423924314,0.13313348476025394
2018-12-04,16.0,23.61750071466346,0.13028658156070883,-0.12458203980765374,-0.00025523109002564826
2018-12-05,16.0,12.883358063577974,0.03462087606097665,0.08775248973065611,0.2203713025288111
2018-12-06,16.0,6.147673300701019,0.020011827435582785,-0.04031095944124358,-0.121442767119166
2018-12-07,16.0,15.167612694420907,0.13479850264404886,-0.05339144917734748,0.00041866253256714336
2018-12-10,16.0,7.400974042215972,0.11383998205650259,-0.0042392441752497345,-0.053751981772253155
2018-12-11,16.0,13.371411844702807,0.06485283124424474,-0.10712327449319556,-0.1259375949116394
2018-12-12,16.0,3.3742342679398654,0.13924217389677945,-0.01208329003603549,0.11592442086779725
2018-12-13,16.0,14.902606807322448,0.17301432755872678,0.03246162909956915,0.17563866330144934
2018-12-14,16.0,20.331467532014216,0.02791215634315575,0.04624793158489118,0.04173352939060976
2018-12-17,16.0,20.205219604943753,0.017534167056886676,0.08398313359718931,-0.1039950111354518
2018-12-18,16.0,27.885295500327402,0.11856578529667214,-0.10125738132653345,-0.06518068212013398
2018-12-19,16.0,29.268188348352766,0.14576893484113362,-0.1203910187205327,0.12704757283485962
2018-12-20,16.0,1.6248633038884708,0.14970037846301165,-0.11637358825879093,0.1477669995502014
2018-12-21,16.0,24.146945140743693,0.1650357341836394,-0.029764427496600673,-0.12090604090040717
2018-12-24,16.0,28.922743929076574,0.11433581547537786,0.023691612593494088,0.021164156562563846
2018-12-25,16.0,25.671806332188616,0.14130395210585803,0.041579819567785836,0.02596560109578544
2018-12-26,16.0,14.876763834036918,0.029548644918709486,-0.12055780484490188,0.20292268130429675
2018-12-27,16.0,19.757406740027943,0.022559149016060036,-0.08475031765805827,0.20305837871249893
2018-12-28,16.0,4.675987636601533,0.14385040072683797,-0.038121456879318436,-0.005676826904428639
2018-12-29,16.0,14.907108805463492,0.14945597152127932,-0.03471049350716836,0.10944481554179997
2019-01-03,16.0,15.487028669476222,0.15418513013368662,-0.02207022646473622,0.05208196172330323
2019-01-04,16.0,21.95811727026828,0.06670428823576063,-0.1015452318812658,0.209559041124392
2019-01-08,16.0,18.55331302076888,0.15168893928524152,0.08871891148152339,-0.030685059189381164
2019-01-09,16.0,22.802373687920454,0.11009604526777064,0.03935215543025364,-0.12450653007751904
2019-01-10,16.0,10.039693805465037,0.12283840647887781,-0.11024904082553569,0.13771378594525296
2019-01-11,16.0,29.63593581301446,0.1578353016057699,-0.019139716457178782,0.18625383006637042
2019-01-14,16.0,14.840579709504715,0.03530898803775278,0.040994810738825604,0.13248566033036668
2019-01-15,16.0,23.454797392853454,0.13935025132482803,-0.08386886915727426,0.20092126489604173
2019-01-16,16.0,25.144117851954924,0.04100885740271216,0.0063166563545670185,-0.17820636605221013
2019-01-17,16.0,13.221264984702243,0.10627425927324774,0.046525566810313584,-0.05037420914403504
2019-01-18,16.0,20.952716541004328,0.09160665240024352,-0.11007138624646762,0.017838443127526332
2019-01-21,16.0,6.996755496434968,0.16751421477176703,-0.08371945404848315,0.028888222451455836
2019-01-22,16.0,14.61220688781195,0.02412822940000614,-0.07880521360185443,-0.14174094855954794
2019-01-23,16.0,11.345136947054902,0.16997138108093998,0.00843452435772768,-0.15015519759359786
2019-01-24,16.0,10.16605448371463,0.116979329024966,0.032312619978537765,0.1957951128015772
2019-01-25,16.0,0.15225777047573108,0.14522953632383861,-0.0125316912429589,-0.07424548481963156
2019-01-28,16.0,24.36993877106419,0.04108507191820603,0.09845373118646011,0.19469665439257183
2019-01-29,16.0,22.35190102834313,0.03081823745418969,0.03375076751880762,0.16110696873953967
2019-01-30,16.0,25.161221301746163,0.10826722117713827,0.036837660616967416,0.19394012571973585
2019-01-31,16.0,6.3500882177568165,0.09890714735386122,-0.03757174338252817,-0.13112455012696903
2019-02-01,16.0,7.884094868653354,0.03610404907530876,-0.08014943616420567,-0.09319366090457369
2019-02-04,16.0,4.583094242256647,0.10500637647548469,0.08200955433596152,-0.15061833962722157
2019-02-05,16.0,1.9554427368579297,0.17368107434729493,0.06841898388335302,-0.07349286251888275
2019-02-06,16.0,23.507966909222034,0.1270884000011875,-0.05784792995766819,0.04686789235489833
2019-02-07,16.0,19.91179668683113,0.03899269046705087,0.09459475898531577,0.116452845146646
2019-02-08,16.0,24.796442374925107,0.09205415199472722,0.12019790570716435,0.2300309345068094
2019-02-11,16.0,8.591208634196445,0.08715181812819522,-0.07080113009600733,0.15127448851121011
2019-02-12,16.0,7.328202445266769,0.16878939365028034,0.033760617127185866,-0.12982500593124113
2019-02-13,16.0,9.111721933009097,0.0271687835949699,-0.09742022675717969,0.17969338138720548
2019-02-14,16.0,8.624282991799458,0.13947809821063392,0.02488888845017928,-0.06793083318336214
2019-02-15,16.0,20.514655718160306,0.13484727759239054,0.018079896671953533,0.15062781154263638
2019-02-18,16.0,14.008737025000906,0.031048530619049712,-0.0376762007652246,-0.074288650060384
2019-02-19,16.0,12.892107375141928,0.07960731986005959,0.09807570035111118,0.14767349569166993
2019-02-20,16.0,12.412568010597386,0.12092619484547079,-0.015909387023582328,0.12014047129941935
2019-02-21,16.0,13.023185327109484,0.0892883378783956,0.1129946746801545,-0.1517986081240785
2019-02-22,16.0,12.184634276847355,0.0755416614350391,-0.01740800736863611,0.015454986721346486
2019-02-25,16.0,23.5223034372292,0.028947104582506607,-0.07624018860659627,-0.18528861753854758
2019-02-26,16.0,16.20524328016265,0.1431226872282937,-0.0666161496516451,-0.14928135098584278
2019-02-27,16.0,8.902930732474562,0.07409372743224363,-0.11632418245622739,-0.14206675776592778
2019-02-28,16.0,28.150139606184045,0.14441394410221478,0.10849780011138646,0.18764322138352513
2019-03-01,16.0,26.60001641946735,0.1227399637002356,0.11863258593712331,-0.10205462137646028
2019-03-04,16.0,19.484080089906502,0.023845785791236685,-0.12794620588474456,-0.006523593628751212
2019-03-05,16.0,16.555853784263242,0.15175743199086306,-0.02040484646493325,-0.1152657470222433
2019-03-06,16.0,18.147278068089072,0.10578876798456321,0.037915875518640424,-0.017578878803433062
2019-03-07,16.0,3.0420002499367857,0.054879333427916926,0.12139895332236625,0.20585475965994787
2019-03-11,16.0,25.9725799282788,0.04642390021271919,-0.04499208861067211,-0.05607008176643222
2019-03-12,16.0,0.6650632955805535,0.10342467795748247,-0.03303911717883991,-0.16674393587667316
2019-03-13,16.0,11.10244115945504,0.09919339930879145,-0.08063697675443818,0.21280608344249136
2019-03-14,16.0,15.862195516888772,0.15087114570087354,-0.1244062910244517,-0.16394845558764623
2019-03-15,16.0,3.6792961250269807,0.10453828644511956,-0.08520930210166205,0.09852180243725939
2019-03-18,16.0,29.768018864353472,0.14560345500686298,-0.05101277471481215,0.1305442947873766
2019-03-19,16.0,27.97137851077977,0.04280875706235583,0.05980464847591066,0.1870044664819825
2019-03-20,16.0,24.702915846064773,0.04121530437072407,-0.11325308623618359,0.052754589725387296
2019-03-21,16.0,27.140327652378467,0.030257911245578667,-0.12063539954055766,-0.029695103615030055
2019-03-22,16.0,21.580473921863923,0.10581178189030516,-0.06526336171308879,-0.09696991564547437
2019-03-25,16.0,18.172580536704658,0.010818325235033897,-0.05328748007423073,0.19721989928170575
2019-03-26,16.0,25.805101259755144,0.12799944087349596,0.05376494738122217,0.06697242443523144
2019-03-27,16.0,17.405039238846236,0.04247447899936455,0.02953488399232096,-0.1815909374607105
2019-03-28,16.0,1.0989778438452047,0.07714514142783935,0.08243741119010659,0.17500228240323196
2019-03-29,16.0,28.29206581498374,0.1297771721194865,0.028064485294490737,-0.15225050651738845
2019-04-01,16.0,11.529317108925252,0.016808925836335264,-0.050922736648516986,-0.13193885214270987
2019-04-02,16.0,12.055576724898815,0.024806429748642833,-0.006436522927386973,-0.02822732630158875
2019-04-03,16.0,2.311781076568912,0.03524372497985205,-0.011739888877093624,0.012213083759874316
2019-04-04,16.0,17.045058154158273,0.012946668777278686,-0.103847877449808,0.02126977094952673
2019-04-05,16.0,19.861050660141036,0.10921564048081814,0.02135746818761769,0.15640048423469333
2019-04-08,16.0,15.176563576116216,0.154127219021497,-0.12760911282422643,0.0035137313409413784
2019-04-09,16.0,11.80837269697563,0.1535510623081452,0.12187819466611191,0.01323750345648067
2019-04-10,16.0,22.478525231443786,0.15063534684605326,-0.04835254082029805,0.15958175936326202
2019-04-11,16.0,27.831268419674178,0.08645215741709938,0.010361136232768908,-0.18658114649443064
2019-04-12,16.0,24.18868220897144,0.08634794341578717,0.027140490602034523,0.23235762899469048
2019-04-15,16.0,7.0137466163726305,0.13571096602961882,0.08006851146258864,0.09357001230870143
2019-04-16,16.0,6.518465267080581,0.05736170575609214,-0.10429961918624221,-0.11018570053102014
2019-04-17,16.0,25.12840943687968,0.051437115255364874,0.07911484912361061,-0.13181731245093017
2019-04-18,16.0,23.362452699273092,0.16162627291750353,-0.029874854012240284,0.11085503320853646
2019-04-19,16.0,26.56761984974228,0.16320536517923442,0.07233777959051543,0.14158831582415365
2019-04-22,16.0,13.473507657947732,0.14947362483266424,0.07623378483758741,0.04333452564427187
2019-04-23,16.0,6.470429833185768,0.05496259997928501,-0.12584997585013905,0.19225289897779196
2019-04-24,16.0,4.408261940290272,0.061725169716696345,-0.014410819644008685,0.025390715122912244
2019-04-25,16.0,8.667092328603454,0.05290424293144368,-0.06572493660716378,0.01726505852408866
2019-04-26,16.0,20.645364179698156,0.024120952370398276,-0.038840812865902075,0.21792700239126195
2019-04-29,16.0,23.056307876800734,0.08394241328031332,0.009048053588746663,-0.1818545696409803
2019-04-30,16.0,19.09000288696119,0.08965018104595077,0.08168279276744655,-0.06135572873323897
2019-05-02,16.0,0.6691880897043112,0.17360633928145033,-0.027138940073914902,-0.1694820871442109
2019-05-03,16.0,6.5885371678209745,0.06941705359755099,0.025106255216488294,0.1691518987542937
2019-05-06,16.0,26.74814950808066,0.14997073904730215,0.0799236814149793,0.07063728389553608
2019-05-07,16.0,20.974399534808647,0.1745610339653655,-0.024673260432251445,-0.039835897693636824
2019-05-08,16.0,4.727493112841455,0.17143954685264173,0.12101899118325107,0.22257784439841127
2019-05-10,16.0,14.29657083766743,0.03956899139665655,0.09451607064658232,0.0704423587187753
2019-05-13,16.0,6.676824770554976,0.03104261735275341,-0.10897139736290992,0.1543663363210549
2019-05-14,16.0,14.247301936003332,0.015109667869711076,-0.036358707164902415,-0.13427282822170186
2019-05-15,16.0,19.261466061927518,0.08353861391868525,0.08861562674112367,-0.18584810506360636
2019-05-16,16.0,10.630226096496317,0.041972941622372494,-0.02049913964073756,-0.11470155366166296
2019-05-17,16.0,1.0459657510572662,0.14488847425832949,0.0401473520016557,0.051358482793228855
2019-05-20,16.0,2.529921470308981,0.15728049686239692,0.042383732854348405,0.11898652572727886
2019-05-21,16.0,2.2976615507885234,0.1333665821515684,0.09878219506127442,0.08774970805650378
2019-05-22,16.0,8.257768015253887,0.0248385263736631,-0.09043312882559545,0.13085198732034914
2019-05-23,16.0,1.781802373374266,0.08621426361208434,-0.08019083408446984,0.12852624270419027
2019-05-24,16.0,20.134192246631166,0.17386644259609121,-0.04203022042103623,-0.1106254051959811
2019-05-27,16.0,25.876805713470656,0.11001278549560056,-0.003536664981294041,-0.18182264366467626
2019-05-28,16.0,6.343787897604267,0.14924164070246568,-0.09043310576782582,-0.06979897021129365
2019-05-29,16.0,23.567166716238674,0.03402962344065225,-0.0404001785299755,-0.16792310061089993
2019-05-30,16.0,5.82095495561429,0.039494630287415095,0.012090489861429854,-0.014775195546728986
2019-05-31,16.0,23.06941701590007,0.10670577260805786,0.12031483348294844,0.09941409088180747
2019-06-03,16.0,18.793686056116492,0.08416393904931815,-0.10283586172995551,0.16046854199784705
2019-06-04,16.0,27.020430740022917,0.013786236022112697,-0.1343639227963042,0.04785397562925087
2019-06-05,16.0,15.141651633812357,0.14161149593671826,0.11069900650146897,0.20941803579970258
2019-06-06,16.0,11.53689374072361,0.1153254047789056,-0.13319932086686606,-0.16242234188812724
2019-06-07,16.0,18.767924349390675,0.17318069518603524,0.08138706018829073,-0.16826460566681728
2019-06-10,16.0,6.06101628526246,0.17141972790449772,0.07390986072926267,0.17115046110267657
2019-06-11,16.0,25.721585870580974,0.12022968034423342,0.12732068062352905,0.026621888041361258
2019-06-13,16.0,8.847973785160523,0.14021573602652349,-0.0726476575426391,-0.1539864827838761
2019-06-14,16.0,13.069521128130322,0.03557489108203485,-0.04598077597923979,-0.11733108764073678
2019-06-17,16.0,15.556254820041339,0.044855821445231404,-0.03353668618093576,-0.17834004044820928
2019-06-18,16.0,5.840457239567225,0.13794513274804296,0.008027991771422799,-0.047658868452086445
2019-06-19,16.0,2.837423871784539,0.11995620682614908,-0.06849782961776986,0.07517659085155476
2019-06-20,16.0,6.217612436955121,0.1337936695729011,-0.04270399416097913,-0.16539530672809158
2019-06-21,16.0,23.66082088619872,0.022883514767966705,0.08452678338556621,-0.07904798070585448
2019-06-24,16.0,21.045928757849104,0.05469774213431322,-0.03171194817697452,-0.1760599582511364
2019-06-25,16.0,17.379833523276858,0.15538460531640386,-0.010284615988690016,-0.15229038074268675
2019-06-26,16.0,12.376105782989853,0.0864882219448665,0.04969692310980828,0.15486340638804402
2019-06-27,16.0,13.750558014965836,0.03702656512329297,0.09869959376423054,-0.15260228021448885
2019-06-28,16.0,14.285633781565219,0.12945593570974442,0.11411761876398949,-0.1138564756099402
2019-07-01,16.0,28.17804713937437,0.05459091168316728,0.035311005996162326,0.15387606214664062
2019-07-02,16.0,23.153007786446274,0.019148891672126647,0.038645277674211276,-0.0030706195304579798
2019-07-03,16.0,15.201888234184135,0.04628388035315055,-0.09455687629015472,0.032634995160159025
2019-07-04,16.0,16.377500319802262,0.12621724771326848,0.10846322859293522,0.13211623768924735
2019-07-05,16.0,27.496911375343167,0.15828500056246256,0.07807948074270166,0.2264829883558847
2019-07-08,16.0,19.486122203359233,0.07712667623149685,-0.12347316987739893,0.03034487360105645
2019-07-09,16.0,27.55574975435823,0.027665553116731526,-0.0166857409554306,0.23187388845303325
2019-07-10,16.0,25.440600867312384,0.08476209286867223,0.034709724417814836,-0.03897568130866669
2019-07-11,16.0,5.144865804070634,0.14147349967280995,-0.09639615682838093,0.1824670276677527
2019-07-12,16.0,1.7157018653733747,0.014449256974099173,0.050637004996574725,0.010275695287818631
2019-07-15,16.0,15.544896874111915,0.08859426041961604,0.0034156646476223573,-0.019956207085461364
2019-07-16,16.0,27.028792319012105,0.11158474940118329,-0.08849278099514885,0.050599420496235836
2019-07-17,16.0,16.2298923766223,0.10037222308927532,0.08219652195394578,0.07694925010260767
2019-07-18,16.0,10.790817001007744,0.05213866526965898,0.06936691691764457,-0.1706485828672591
2019-07-19,16.0,2.4677676241446034,0.1177021562831369,0.1273236666738821,-0.054595714568955206
2019-07-22,16.0,6.940891753807995,0.07501566732248965,0.050578360147512796,-0.14296983855593798
2019-07-23,16.0,28.289831978547806,0.04046433052466174,0.059414364013028464,0.204137481869535
2019-07-24,16.0,24.11233570019649,0.023952209023395715,0.02161779698720534,-0.09702502302366031
2019-07-25,16.0,28.752309727194135,0.017606191738012197,0.035652108835445756,-0.09278357339680535
2019-07-26,16.0,1.99150950786387,0.16097245572935048,0.11374966374597775,0.046006389074408016
2019-07-29,16.0,1.6172712998711336,0.16003432238906912,-0.11166889363817067,-0.17200146353363774
2019-07-30,16.0,2.5412741072408718,0.07498055150825633,0.07716101867533501,-0.10748069177175762
2019-07-31,16.0,20.32233254202293,0.11841289524008777,-0.06770205792367087,-0.04095611662203247
2019-08-01,16.0,14.054039214229691,0.06810275430671053,-0.11174600430237708,0.1032464356536103
2019-08-02,16.0,29.060820170590638,0.10472316292224271,0.040213655580597585,-0.16617012177372625
2019-08-05,16.0,11.18031271593116,0.06404700436593505,-0.10751652618692245,0.1480888074952058
2019-08-06,16.0,19.146612694062156,0.08689441533799089,-0.017521914225592017,0.0363448287071553
2019-08-07,16.0,25.89698857725181,0.1676037782928835,0.08348214651975258,0.10374842932911477
2019-08-08,16.0,0.8762047087579417,0.1328189175360616,0.11137731709133178,0.08984204845166821
2019-08-09,16.0,28.318364694175887,0.14895962689129252,-0.10456563761127145,-0.18766405700492225
2019-08-12,16.0,13.851867754904223,0.0754927229504683,-0.020776140663332637,0.2053409968272633
2019-08-13,16.0,24.709067909623787,0.148001856433854,-0.10102498179145888,0.05117593861119896
2019-08-14,16.0,10.60074131367482,0.17000447448809358,0.01167294045231207,0.21304365532749936
2019-08-15,16.0,25.367644609959683,0.09172693191880907,-0.05926393145144758,-0.044676512321407125
2019-08-16,16.0,21.17618871970069,0.120894715594183,-0.07376527260018467,0.1128933450463328
2019-08-19,16.0,18.150875504560034,0.17429755732850347,0.12191982017427241,0.1582671706138184
2019-08-20,16.0,18.185099326864,0.16684943887431247,0.026249899174333596,-0.1392790921741786
2019-08-21,16.0,4.477951778793629,0.10545021025497883,-0.050387537467920615,0.009695480821681174
2019-08-22,16.0,9.052624464267149,0.021517512835864408,-0.03103848327324578,0.1578466292304188
2019-08-23,16.0,20.09162094264053,0.12536533796732552,0.06374929420359557,0.12542978450194298
2019-08-26,16.0,6.111449318548194,0.07894943011202793,0.06574885054276303,-0.10732237762549798
2019-08-27,16.0,9.549549466903738,0.07831644448415945,-0.08945033878488884,0.18668652658634954
2019-08-28,16.0,20.992142429185307,0.1450679370863439,0.015106419551231515,-0.18021035762546284
2019-08-29,16.0,23.922511297053404,0.028158271477194508,-0.027582726438462588,0.21327400185979722
2019-08-30,16.0,26.856430157094195,0.03015949384553787,0.006822536596656492,0.18396960646545285
2019-09-02,16.0,24.130782248468666,0.12269666257684572,-0.02004590008628969,0.11744128997873016
2019-09-03,16.0,3.7248229262283106,0.15552417947780614,-0.031212801195651646,-0.01288176365664681
2019-09-04,16.0,27.12140145531504,0.10716100947062537,-0.10265553085442786,0.07124012474534303
2019-09-05,16.0,4.470534445097588,0.09867338841513745,-0.08574042050255207,-0.16588969397091005
2019-09-06,16.0,19.4879923319177,0.12638970200829536,0.12617897449633644,0.04565598039543775
2019-09-09,16.0,27.076994452424326,0.048660834102361265,0.026528609810866105,0.02913772822181801
2019-09-10,16.0,17.87556211670363,0.07226843490297222,0.018206245297287232,0.20777829756937882
2019-09-11,16.0,15.218109831976653,0.0864051460584343,-0.10431317279435491,-0.09442194265014493
2019-09-12,16.0,29.21135701965419,0.06285280499876149,-0.1348026810198956,0.20318139442642263
2019-09-13,16.0,7.344289087285457,0.13462558092521504,0.0166995747454258,0.04297901724401709
2019-09-16,16.0,15.45430666017578,0.1059370179857993,-0.08817115962305988,-0.10077006150098893
2019-09-17,16.0,5.898737580710268,0.09697213741705135,-0.12958024339757176,-0.07746789483652287
2019-09-18,16.0,9.082230713672985,0.14824498298923447,-0.04940836961480313,-0.13710189969962921
2019-09-19,16.0,7.999562609527504,0.03478097059686605,-0.11545468944813472,0.12204528854506375
2019-09-20,16.0,24.068369581404056,0.02460946715974733,-0.12201483242940551,0.01601399615892582
2019-09-23,16.0,0.7288737307698545,0.09430480550666806,0.012019331569106367,-0.12591990255617047
2019-09-24,16.0,25.15419212967514,0.07537501986729064,0.06532449036102683,-0.15739081786077794
2019-09-25,16.0,19.181839473740308,0.10893028521774775,-0.08304239788698752,0.1407406978980108
2019-09-26,16.0,10.850547731181491,0.0762822419804684,-0.021624442193885027,0.15592359472187556
2019-09-27,16.0,12.48187126484012,0.0579174631506614,-0.09051008413192016,0.15871925720614893
2019-09-30,16.0,12.279753441520073,0.17557707410295434,0.008189206627081086,-0.17633647522963802
2019-10-01,16.0,5.114754101786991,0.027193747435219535,0.1260250137078344,-0.1776824887605057
2019-10-02,16.0,6.50990502240089,0.06507198884827543,-0.10168306383012626,-0.13450334281279072
2019-10-03,16.0,7.405639073629833,0.02440844241281019,0.07582746815522073,0.20457575447959775
2019-10-04,16.0,20.922496875500887,0.1291134251001735,0.05329135451859229,0.17836117965804127
2019-10-07,16.0,4.535929827698274,0.0707457088644128,-0.11038208961382472,-0.05514717539467531
2019-10-08,16.0,18.198450770970126,0.04661400267627246,-0.12632201857204334,-0.12007786849889818
2019-10-09,16.0,22.3280287973325,0.15310829238214443,0.06342107470813402,-0.0035797985591957404
2019-10-10,16.0,18.209283827264443,0.054627206566940846,0.07992334114287178,-0.07676147568005812
2019-10-11,16.0,29.79003781875538,0.08312813997769652,-0.09939858531060661,-0.015772417050422594
2019-10-14,16.0,7.742552012914046,0.06334514244190212,0.09905471401130814,0.1660365961018035
2019-10-15,16.0,21.10929380957354,0.03258966355825328,-0.03813538596870292,0.1653605097928485
2019-10-16,16.0,29.394626476111625,0.1248482967083426,0.0366184694005566,-0.16269202768060914
2019-10-17,16.0,11.931756943380623,0.17278036682630013,-0.026799283373635185,-0.08356732818621262
2019-10-18,16.0,8.71148554749533,0.0970040224637358,-0.00783203801476226,-0.035958433162071035
2019-10-21,16.0,22.85381687095618,0.027875396819002977,-0.004401362345800575,0.09942858594806686
2019-10-22,16.0,6.6431382343771865,0.16507542690066182,-0.11931101952088369,0.13043371981259316
2019-10-23,16.0,22.36576696503994,0.1170677387308125,-0.09211902422073212,0.13423464444748423
2019-10-24,16.0,14.76116097384857,0.06089711664283657,-0.09340026537219848,-0.09831108451539991
2019-10-25,16.0,22.490443312021682,0.11799815587660487,-0.005625133202424248,0.18151553410408017
2019-10-28,16.0,11.664982817883459,0.015985975605502446,-0.0593182549245207,-0.007762302972238594
2019-10-29,16.0,4.943382118473508,0.04272749326990488,-0.095936599323121,0.032201629717139274
2019-10-30,16.0,15.99053002397474,0.0633147903574563,0.09348606229797105,0.030798921958670344
2019-10-31,16.0,22.49530233949476,0.1605485566754837,-0.08882730313722115,0.031167579505262694
2019-11-01,16.0,27.64383469196978,0.10421893875024296,-0.06048778374477844,0.20564607066213925
2019-11-05,16.0,18.143323116079287,0.15516532457442173,-0.01811804230962291,-0.11665997883523131
2019-11-06,16.0,7.852076792015778,0.1649631210860735,-0.0815822615903126,-0.09556351209103034
2019-11-07,16.0,10.948653326091982,0.09542596926940528,-0.019408364708365114,0.02729368339095803
2019-11-08,16.0,29.570226314701895,0.05337362855343486,-0.12531992417549612,0.04671120188671027
2019-11-11,16.0,28.918916799534877,0.04603014750202721,0.007601167056618896,-0.1717516374287154
2019-11-12,16.0,19.83433277958963,0.06198855611671008,-0.11690597144729291,0.21274236117340012
2019-11-13,16.0,11.04337893625633,0.07904432258504904,-0.08945433085660223,0.15558522634409494
2019-11-14,16.0,28.748522876623728,0.05981865975043136,-0.03148067834066738,0.017727115989641135
2019-11-15,16.0,10.946761821347563,0.16285944850465237,-0.10804401802156244,-0.0036248462503046808
2019-11-18,16.0,3.097361224607471,0.10663284638831722,-0.13078096880426,0.0825695916274436
2019-11-19,16.0,16.312574562136483,0.1703449832041951,0.09024960440454988,0.2037658256813789
2019-11-20,16.0,26.520147581070862,0.08799371721578553,0.10050319471288718,-0.14602350285081334
2019-11-21,16.0,11.63967858109457,0.03582643543024794,0.014102032155216465,0.21653299256100011
2019-11-22,16.0,22.07773782549947,0.10816473759887665,0.06659667936975033,0.07797001995136055
2019-11-25,16.0,8.162687730546471,0.03800158406792922,0.06348771498218864,0.14927770142182428
2019-11-26,16.0,5.793490660312508,0.04317982809322456,-0.06920812276573415,0.01755146272112018
2019-11-27,16.0,16.88068656666741,0.039896825658890286,0.029745237056019863,-0.10351667126210007
2019-11-28,16.0,29.153918093147773,0.1007682470248811,0.11723693422716855,0.15122093834814254
2019-11-29,16.0,21.01155175616698,0.09316686699543114,-0.0016566585184901172,-0.1735665494939928
2019-12-02,16.0,15.793038571959206,0.08292340775054233,-0.13154477153300306,0.09687974641606789
2019-12-03,16.0,15.439362595240764,0.0808295746166999,-0.11639979516542111,0.03933860092269614
2019-12-04,16.0,7.447320817642044,0.10940993132300933,-0.12142722379847715,-0.1586377784312295
2019-12-05,16.0,1.71081003878913,0.14546023847257666,-0.09966627671309063,-0.1375343135769476
2019-12-06,16.0,8.444897592896318,0.030633084273765526,0.09373492896973751,0.034542350293914836
2019-12-09,16.0,7.52285296681967,0.08167339356763911,-0.03263829148771266,0.1154863025893581
2019-12-10,16.0,5.977090386209798,0.0370957277890609,0.027256859224641217,-0.00015413479732878654
2019-12-11,16.0,12.588456372984218,0.10385146796249439,0.056526183182612544,-0.1153103402081557
2019-12-12,16.0,3.597636507609663,0.10552790392139955,0.12357947258703036,-0.12462436926439537
2019-12-13,16.0,21.948964779216332,0.08202831632763322,0.11388157331961768,-0.13155795458885777
2019-12-16,16.0,5.549891641803249,0.10101802004440197,-0.028494584071947007,0.0247529820831425
2019-12-17,16.0,14.07484663429392,0.16339905350519782,-0.1282825568558312,-0.12043213164902491
2019-12-18,16.0,20.33344369921181,0.13570207091391356,0.10875968809435563,0.03568058927420584
2019-12-19,16.0,9.078736581016713,0.06840152865438431,0.06397705261744266,-0.021686230243050164
2019-12-20,16.0,17.431520504450443,0.16024152489175214,0.07535527633466776,0.10549662220909783
2019-12-23,16.0,0.5203405852610965,0.03446562226053919,-0.13466648357808844,-0.14541807426500009
2019-12-24,16.0,5.372593395598939,0.1537614220648173,0.05100202645106375,-0.03497965313983495
2019-12-25,16.0,1.0099434892728576,0.10389084060058174,-0.07568818716215078,-0.18427009623104879
2019-12-26,16.0,10.114608837303958,0.06800462397764659,-0.007572941942130373,0.10322605583421929
2019-12-27,16.0,12.286659321599366,0.0161302464102626,0.068268207387995,-0.005204988456106507
2019-12-30,16.0,1.734291000421202,0.10033658863523967,0.01255057228406764,-0.09320833766780205
2020-01-03,16.0,1.5215794932358095,0.16869912732911949,-0.06100646866696413,-0.15876275567026166
2020-01-06,16.0,24.79994239592002,0.0651500441426014,0.003131408372037514,0.07110094134480555
2020-01-08,16.0,10.251763562598379,0.08537078095748024,0.10434888669437478,-0.10196434939751788
2020-01-09,16.0,21.28195420921632,0.09548000423523931,0.019858940508040435,0.13360093994468808
2020-01-10,16.0,13.344423416572367,0.04960807191988493,0.11886341711251217,0.07491119876854702
2020-01-13,16.0,20.311653897408632,0.12965596953392747,-0.09498725442625369,0.14627500736124288
2020-01-14,16.0,28.431642550463362,0.06719046115797209,-0.017076435190579956,-0.056262452710766936
2020-01-15,16.0,23.353553364183753,0.11903775068907094,0.048380961649748866,0.14471964209941557
2020-01-16,16.0,15.220063296819163,0.17302158724529731,0.09315879362293,0.11450801360361917
2020-01-17,16.0,21.851280884128606,0.03620484507475878,-0.1005900447630477,-0.03134187127865068
2020-01-20,16.0,2.607673651427983,0.018446447135098076,-0.028181375182630447,-0.04367862551067331
2020-01-21,16.0,26.514599458132142,0.05273281834001107,-0.07234947311072916,0.0912325838765462
2020-01-22,16.0,19.340264411987775,0.09928607724911306,-0.08148179406097089,-0.020298808209915475
2020-01-23,16.0,15.886855921167363,0.013537639801088713,-0.05000855513150182,-0.05798305392470582
2020-01-24,16.0,5.807832265998059,0.10874793324893894,0.02626564689716973,-0.03940270136150381
2020-01-27,16.0,21.90592949263509,0.06706403691293686,-0.024190201672697823,-0.04332122781759265
2020-01-28,16.0,4.712015605987419,0.059435271094466655,0.0322264823112724,0.16995021841841268
2020-01-29,16.0,27.429608889766882,0.09217059392459359,0.035027288330448575,-0.14041907055577435
2020-01-30,16.0,24.452778813861585,0.025546308565943324,0.10083623498876926,-0.01855102070555456
2020-01-31,16.0,14.272830529505066,0.1582709214574161,0.09132000193356965,0.019374801574350814
2020-02-03,16.0,3.4109456112467695,0.15863838469373207,-0.08697862475442197,-0.15400493224345901
2020-02-04,16.0,29.833001640468822,0.11206484707307135,-0.01975331358453379,0.09884369004925891
2020-02-05,16.0,10.461252071643209,0.07405258388756056,0.09637964941111435,0.006362935964833116
2020-02-06,16.0,26.270577812953775,0.10353510185902629,0.038234557603153946,0.03832892147035144
2020-02-07,16.0,11.55011230033179,0.017528913126240785,-0.07461862902941246,-0.15884943120905054
2020-02-10,16.0,13.359796702805868,0.026580091612923285,-0.10083320235239815,-0.06978679813823033
2020-02-11,16.0,10.261293260401045,0.041376015288179996,0.06008732610921791,-0.051495686768225524
2020-02-12,16.0,12.616468677704002,0.02020224783776413,0.07292024422463989,0.051167393004495076
2020-02-13,16.0,22.65028303767277,0.13537512190919215,0.05722578893884289,0.10428688359999488
2020-02-14,16.0,18.14222135600726,0.09539504186621728,-0.08416162677613025,0.07448028215933267
2020-02-17,16.0,29.048922992046528,0.08790655016519638,0.04337794469679304,0.09557196666954415
2020-02-18,16.0,11.729763723048217,0.10656433509190824,0.07507069917795298,-0.07614685058131976
2020-02-19,16.0,1.9980963104583649,0.11894648419360135,-0.11474531983502598,0.18276356870634097
2020-02-20,16.0,16.709812210139944,0.17341533764684894,-0.1122248715512857,0.03893782674050683
2020-02-21,16.0,2.5122375380992734,0.04137617690550341,-0.014456633340099542,0.1317773230729416
2020-02-25,16.0,19.468238435369884,0.11403209617730292,0.12159330394925602,0.012550499579802116
2020-02-26,16.0,24.50133184615967,0.058716632309600905,-0.024303483930472936,0.11444808933034178
2020-02-27,16.0,12.893279594799704,0.02080306911082124,0.035075061599074614,0.19508572128897023
2020-02-28,16.0,7.731853634316192,0.05306650951828449,0.11222131028020291,-0.07537288773337297
2020-03-02,16.0,26.92278475367378,0.050587979341984314,-0.09577091071187349,-0.16392328128241437
2020-03-03,16.0,25.548600721064286,0.12410356958088536,0.01329806421290658,-0.04629481661864271
2020-03-04,16.0,12.171831300416786,0.13882744425080698,-0.1318107776985947,0.15734955080025836
2020-03-05,16.0,7.270287287509207,0.046443168245208666,0.044131438905237574,0.029822036165197907
2020-03-06,16.0,17.58220023733826,0.09402511536283378,-0.1168014492112638,0.10680507111253251
2020-03-10,16.0,24.95329216210004,0.13874151494185458,0.10035018305605875,0.22184057672303953
2020-03-11,16.0,24.727927077026173,0.1511757414641486,0.06688540448332511,0.08991868329768349
2020-03-12,16.0,1.871224521145366,0.04003450924384909,0.10985261244023725,0.165449781720226
2020-03-13,16.0,20.990627606064496,0.07027205724313623,-0.05210998966922324,0.09871515240212342
2020-03-16,16.0,22.499198138484452,0.14144026376800595,-0.11610792326658781,-0.08320576651867914
2020-03-17,16.0,4.927180913510789,0.11440047604229389,-0.09218753411268243,-0.0413434142598188
2020-03-18,16.0,11.81613118099598,0.03932113903750458,0.0074511759110424125,0.00824615694934322
2020-03-19,16.0,15.533715282485336,0.12608604347533137,-0.047994255534103206,-0.06944483003113866
2020-03-20,16.0,11.32162349064101,0.11910649406755694,0.02898591424084898,0.08162080520472187
2020-03-23,16.0,2.6691750287717086,0.05338974752188763,-0.11021597957993465,-0.010081304404577662
2020-03-24,16.0,29.130524540788404,0.048737780270411,-0.11709243033385348,0.15781317545263673
2020-03-25,16.0,12.456636999869076,0.07642455818967184,0.006252947739271875,0.22465266335539635
2020-03-26,16.0,17.414810760892717,0.010824583714750913,-0.09160630675317413,-0.0366038146964508
2020-03-27,16.0,23.557912745233427,0.1582373086321422,0.022183807372571612,-5.850412384841852e-05
2020-03-30,16.0,14.19476001291721,0.14536906505332606,0.07485474673423534,0.22428843008578886
2020-03-31,16.0,28.243425679215335,0.13866790658447153,0.10432492127795337,-0.16450450739643266
2020-04-01,16.0,0.46071864109673344,0.1345374989941405,0.10821454543231573,0.20352733955615898
2020-04-02,16.0,9.41567384965545,0.03898500558194137,0.053943396926431686,0.07382365599914359
2020-04-03,16.0,7.459684160624844,0.1443977210764909,-0.08498308293526835,0.02249326755640188
2020-04-06,16.0,7.781578036991375,0.09821175511049737,0.040635322154745385,-0.0910692471900935
2020-04-07,16.0,14.651661173568986,0.12089937878342732,0.1277698114117032,-0.05405881899718967
2020-04-08,16.0,13.409336599693143,0.06567326864861286,0.08255512186964212,-0.17407420165425916
2020-04-09,16.0,0.13623329908866277,0.03525183591798349,0.09884615973036662,0.12461292616464753
2020-04-10,16.0,20.54152354577638,0.1447986134955886,-0.1178447263744632,-0.054912166274109886
2020-04-13,16.0,27.087607745932324,0.0657216745590335,0.019864843942176885,-0.05391929530188855
2020-04-14,16.0,27.917693033132213,0.02937638845570986,-0.13226810305979458,0.02034014581516652
2020-04-15,16.0,20.896704673985127,0.04449861123782151,-0.0017377488334993085,0.1142988353371776
2020-04-16,16.0,28.813996145583808,0.10336351792446669,0.010200806651077393,0.05881286224329477
2020-04-17,16.0,8.410172482575796,0.07028132142508232,-0.12338038101151064,0.12088151263401709
2020-04-20,16.0,7.14926527365641,0.04423431975695056,-0.02824421921570995,0.06698963858860535
2020-04-21,16.0,29.515759856858136,0.021153789702961966,-0.06700530854475169,-0.016783857952411052
2020-04-22,16.0,19.740596683367745,0.13782707415616677,-0.028321857498932693,-0.09125725205906518
2020-04-23,16.0,4.624634936306186,0.10346399371437892,0.1186231371419654,0.19606527194243029
2020-04-24,16.0,19.41787325803378,0.16948207064123624,-0.03152275227964865,-0.03390926032871064
2020-04-27,16.0,19.76979272164959,0.050465013039048066,0.007358088261404938,0.08751601389624158
2020-04-28,16.0,13.289683789909088,0.10487953591694069,-0.03507963940610652,-0.16662169967194726
2020-04-29,16.0,11.205056438756124,0.015721945456005332,0.07405357844625604,-0.1780139839161559
2020-04-30,16.0,15.450125223866257,0.028492091830020674,-0.08220009932651859,-0.17769026355764728
2020-05-04,16.0,15.776105464103669,0.11511577214592772,-0.11285602611387296,-0.09533592157283995
2020-05-05,16.0,25.965533849196394,0.1410855489950043,-0.04641571889572174,0.18903791397175956
2020-05-06,16.0,10.911658486428934,0.07085593469728428,-0.11577115658158711,0.009603647691391659
2020-05-07,16.0,10.075762957492403,0.14922097748815225,-0.07985330375231411,0.035077609916132124
2020-05-08,16.0,2.5872064226452354,0.17101377345068755,0.11689222731826351,0.0012085187237049766
2020-05-12,16.0,22.50553533804406,0.10224651223386372,-0.11063679498931091,-0.1640899610439839
2020-05-13,16.0,4.401532654014564,0.01423026327836469,-0.03469364300817589,0.019794022233320385
2020-05-14,16.0,27.619120537151634,0.12557472775498033,-0.00936748889007108,-0.06894071687394278
2020-05-15,16.0,11.781215636003209,0.022171134568558674,0.12741324233082255,0.022413299571396456
2020-05-18,16.0,17.679049867796223,0.1299355939937019,-0.11572634797660933,-0.17345985884977308
2020-05-19,16.0,27.531947666510867,0.06029430872128296,0.10553782801570949,0.017693594783241146
2020-05-20,16.0,3.8800899956814794,0.1374302983782445,0.10703507023540554,-0.059803088079201205
2020-05-21,16.0,13.291123733270204,0.09960747457939478,-0.003939906190248449,0.12771501347171393
2020-05-22,16.0,27.09756906817186,0.13288228955499923,-0.12281169878210271,0.09335769348710293
2020-05-25,16.0,14.788077822789413,0.06941495820328869,-0.09812202278420945,-0.068787274132119
2020-05-26,16.0,20.86098902785515,0.057025910726325055,0.08804640175715714,-0.09776127500938551
2020-05-27,16.0,26.081365836250214,0.11095283123000621,0.11135193045309066,0.15513313192714662
2020-05-28,16.0,21.980020231274313,0.09415367132867106,0.035674128637738,0.13700691353164607
2020-05-29,16.0,29.248665738648647,0.10298699918513465,0.012894691728285501,0.16592303934666147
2020-06-01,16.0,21.030389074011786,0.1154243389842168,-0.05863475545486095,-0.16564941970331185
2020-06-02,16.0,8.207820733500071,0.12892505822288647,0.08647184112211562,0.17945077822186123
2020-06-03,16.0,26.03918685762794,0.025510747588799516,0.05917783042724531,0.13015272946469686
2020-06-04,16.0,27.262162904501654,0.1704612325723143,0.09643589504786904,0.026221972372763525
2020-06-05,16.0,28.935886393084573,0.08352976866269402,0.11622233141414465,-0.04705071260670504
2020-06-08,16.0,11.21721928038155,0.16146725602328524,-0.05424278457283739,0.22212984189394347
2020-06-09,16.0,15.869170878217037,0.13114745038251177,0.060801956393678386,0.14159886174143022
2020-06-10,16.0,5.60494315487326,0.08156854279436557,0.0847294863138221,-0.1671391560164476
2020-06-11,16.0,22.892318619159642,0.15734151218945464,0.0778706268540762,-0.1280485523652345
2020-06-15,16.0,7.775705694133309,0.08643672984631195,0.02479447228881032,-0.09282839081985193
2020-06-16,16.0,17.038995931209794,0.1339885623580933,0.012006979917855543,0.074077344726587
2020-06-17,16.0,21.261562714081133,0.022289453711324556,0.0950125144284513,0.1351519044086218
2020-06-18,16.0,18.65885254316137,0.09334712452286537,0.05100963322409713,0.1331985002195168
2020-06-19,16.0,15.00021118515609,0.09721614130427605,-0.07423487446872709,0.16198510398246224
2020-06-22,16.0,6.598533232556839,0.10700444786235566,0.06876693359831804,0.11411402060805137
2020-06-23,16.0,20.363491857597285,0.1394619530422076,-0.029019780845732382,0.08669135990899268
2020-06-25,16.0,19.923080355456655,0.08638375587153183,-0.02409712791342379,0.08040170220960008
2020-06-26,16.0,28.710391498974978,0.17237896481718423,-0.010634504407284306,0.04654578433947951
2020-06-29,16.0,20.125609246946947,0.08982060637844172,0.12496612760374895,-0.03193804401969877
2020-06-30,16.0,18.839193287652016,0.049130798544528134,-0.016107724929765824,-0.08843330858045476
2020-07-02,16.0,11.70814613401076,0.020950861606814038,-0.11417985149694049,0.2266213353596358
2020-07-03,16.0,11.15802210994668,0.12676125842454342,-0.11954877410682338,0.11372642700137958
2020-07-06,16.0,10.567684835003949,0.14521581888127322,0.002375883461178563,-0.042453872764730644
2020-07-07,16.0,25.622046194398507,0.030838179466881603,0.04752811948670185,-0.13026635643063303
2020-07-08,16.0,13.305374153232327,0.013296042878144152,0.12411619164919838,0.05013464976347112
2020-07-09,16.0,14.809237361582843,0.14907334716476928,-0.04206930954244431,0.11971655395030834
2020-07-10,16.0,20.15630539069523,0.12888030050594126,0.0389571746928338,-0.05390252044826771
2020-07-13,16.0,19.589673270703504,0.03863974952124978,-0.05973458157970199,-0.1309410342761661
